Objective Function Value:	59.0889
Standard Deviation:	0.587834
Function Evaluations:	3944
CPU Time [s]:	0.728
Evaluations/Second [1/s]:	5417.58

	Parameter	Value	Gradient	Standard Deviation
	Values[theta10].InitialValue:	8.80548e-310	1092	0.0239094
	Values[theta11].InitialValue:	0.022623	1913.84	0.0313565
	Values[theta12].InitialValue:	-0.029609	1974.44	0.0485608
	Values[theta1].InitialValue:	0.43653	20.7838	0.766242
	Values[theta2].InitialValue:	-0.202619	22.812	1.04296
	Values[theta3].InitialValue:	1	40.9563	1.72253
	Values[theta4].InitialValue:	-0.429344	25.1913	0.220482
	Values[theta5].InitialValue:	0.0114031	9.2812	0.297462
	Values[theta6].InitialValue:	-0.00744548	71.1936	0.49211
	Values[theta7].InitialValue:	0.0527062	176.745	0.0938235
	Values[theta8].InitialValue:	-0.0933729	303.19	0.118237
	Values[theta9].InitialValue:	0.0438505	395.145	0.174529

File Name:	/home/marioc/Dropbox/projects/galeano/MicrobiomeBayes/javi.csv
Experiment:	Experiment
Mean:	0.0138707
Objective Value:	59.0889
Root Mean Square:	0.568234
Row	Time	x1.ParticleNumber(Data)	x1.ParticleNumber(Fit)	x1.ParticleNumber(Weighted Error)	x2.ParticleNumber(Data)	x2.ParticleNumber(Fit)	x2.ParticleNumber(Weighted Error)	x3.ParticleNumber(Data)	x3.ParticleNumber(Fit)	x3.ParticleNumber(Weighted Error)	Objective Value	Root Mean Square

1.	0	9.43952	10	0.560476	9.49768	10	0.156678	9.50944	10	0.0313602	0.339665	0.336484
2.	0.25	5.36022	5.6952	0.334979	9.10144	8.36787	-0.228805	11.7254	12.8649	0.0728463	0.169869	0.237956
3.	0.5	5.61783	4.18568	-1.43215	7.96583	7.29508	-0.209213	16.0227	16.025	0.000143806	2.09482	0.835628
4.	0.75	3.36312	3.41425	0.0511295	7.5552	6.5913	-0.300647	15.9202	19.3394	0.218583	0.140781	0.216627
5.	1	2.96987	2.94803	-0.0218381	8.64969	6.13939	-0.782981	19.3557	22.6548	0.210904	0.658016	0.468336
6.	1.25	4.26387	2.63901	-1.62486	8.57783	5.8671	-0.845496	21.8447	25.824	0.254387	3.41976	1.06767
7.	1.5	2.81094	2.42251	-0.388428	8.02062	5.72715	-0.715347	23.4827	28.7303	0.335462	0.775133	0.508309
8.	1.75	0.945058	2.26567	1.32061	8.77435	5.68662	-0.963087	27.0121	31.3017	0.274225	2.74674	0.956859
9.	2	1.42299	2.1499	0.726911	9.82619	5.72122	-1.28037	31.0615	33.5129	0.156716	2.19231	0.85485
10.	2.25	1.59174	2.06385	0.472105	7.24252	5.81228	-0.446104	32.4405	35.3754	0.18762	0.457093	0.390339
11.	2.5	3.20919	2.0001	-1.2091	5.40974	5.94494	0.166934	34.1999	36.9247	0.174186	1.52012	0.711833
12.	2.75	2.30749	1.95356	-0.353929	8.73292	6.10723	-0.818971	35.6786	38.2071	0.161637	0.822106	0.523484
13.	3	2.32211	1.92059	-0.401518	7.04467	6.28942	-0.235568	35.754	39.2706	0.224812	0.267249	0.298468
14.	3.25	2.01399	1.89845	-0.115543	7.10695	6.48363	-0.194418	40.4122	40.1593	-0.0161704	0.0514098	0.130907
15.	3.5	1.33565	1.88501	0.549359	8.87248	6.68357	-0.682737	39.075	40.9103	0.117321	0.78169	0.510454
16.	3.75	3.67122	1.8786	-1.79262	7.62188	6.88428	-0.230061	42.3312	41.5535	-0.0497129	3.26888	1.04385
17.	4	2.37838	1.87784	-0.500536	6.75086	7.08198	0.103277	44.3794	42.1123	-0.144928	0.282207	0.306707
18.	4.25	0	1.88159	1.88159	8.22083	7.27383	-0.295376	41.7525	42.6042	0.054448	3.6306	1.10009
19.	4.5	2.58101	1.88889	-0.692117	7.96981	7.45782	-0.159693	44.4941	43.0423	-0.0928074	0.513141	0.413578
20.	4.75	1.4085	1.89893	0.490432	8.18345	7.63259	-0.171817	44.0165	43.4361	-0.0371043	0.271421	0.300788
21.	5	0.815885	1.91101	1.09513	8.63065	7.79731	-0.259926	43.102	43.7926	0.0441455	1.26882	0.650337
22.	5.25	1.66863	1.92456	0.255932	7.94026	7.95155	0.00352218	43.4801	44.117	0.0407149	0.0671712	0.149634
23.	5.5	0.863746	1.93908	1.07534	9.01809	8.0952	-0.287853	43.6527	44.4133	0.0486243	1.24158	0.643319
24.	5.75	1.16409	1.95417	0.790081	8.21284	8.2284	0.00485259	44.9329	44.6844	-0.0158894	0.624504	0.456254
25.	6	1.27113	1.96948	0.698341	8.82129	8.35142	-0.146554	44.1713	44.9326	0.0486672	0.511526	0.412927
26.	6.25	0.212565	1.98473	1.77217	9.63894	8.46469	-0.366259	46.4576	45.1599	-0.0829574	3.2816	1.04588
27.	6.5	2.73997	1.99972	-0.74025	9.02626	8.56868	-0.142723	47.9801	45.3681	-0.166985	0.596224	0.445804
28.	6.75	2.05828	2.01426	-0.0440191	8.31053	8.66393	0.110226	44.6822	45.5585	0.0560169	0.0172254	0.0757746
29.	7	0.769296	2.02824	1.25895	9.82716	8.75099	-0.335666	46.8292	45.7325	-0.0701093	1.70254	0.753335
30.	7.25	3.16356	2.04157	-1.12199	9.71037	8.83042	-0.274464	46.869	45.8913	-0.0625001	1.3381	0.667857
31.	7.5	2.33831	2.05417	-0.284138	9.30058	8.90278	-0.124077	46.4797	46.0362	-0.0283524	0.0969333	0.179753
32.	7.75	1.61867	2.06602	0.447346	9.02319	8.9686	-0.0170286	45.1778	46.1681	0.0633085	0.204417	0.261034
33.	8	2.81058	2.0771	-0.733483	8.186	9.0284	0.262752	46.0983	46.2882	0.0121366	0.607183	0.449883
34.	8.25	2.79512	2.08741	-0.707715	10.2014	9.08267	-0.348924	45.9632	46.3973	0.0277473	0.623379	0.455843
35.	8.5	2.73994	2.09696	-0.642981	8.26478	9.13188	0.270454	46.8278	46.4963	-0.0211926	0.487019	0.402914
36.	8.75	2.60823	2.10579	-0.502442	11.0744	9.17645	-0.591999	45.9099	46.5862	0.0432339	0.60478	0.448992
37.	9	2.4746	2.11391	-0.36069	10.4397	9.2168	-0.381438	47.2737	46.6676	-0.0387486	0.277094	0.303915
38.	9.25	1.85973	2.12136	0.261622	8.68949	9.25329	0.175854	45.9342	46.7414	0.0516016	0.102033	0.184421
39.	9.5	1.61654	2.12818	0.511635	7.9151	9.28628	0.427679	47.3714	46.8081	-0.0360134	0.445976	0.385563
40.	9.75	1.5428	2.13441	0.591612	8.24586	9.31608	0.333808	45.2779	46.8684	0.101681	0.471772	0.396557
41.	10	1.22924	2.14009	0.910854	9.22645	9.34298	0.036349	45.0739	46.923	0.118208	0.84495	0.530707
42.	10.25	1.71662	2.14526	0.428637	8.73485	9.36727	0.197256	49.581	46.9722	-0.16677	0.250452	0.288936
43.	10.5	0.659675	2.14996	1.49029	8.64478	9.38918	0.232182	45.9281	47.0167	0.0695964	2.2797	0.871723
44.	10.75	4.0945	2.15422	-1.94027	8.05041	9.40894	0.423733	46.6474	47.0569	0.0261788	3.94489	1.14672
45.	11	3.13392	2.15809	-0.975827	8.96573	9.42675	0.143794	46.9893	47.0931	0.00663421	0.972958	0.56949
46.	11.25	0.803212	2.16159	1.35838	8.23371	9.4428	0.377127	45.872	47.1257	0.0801464	1.99384	0.815238
47.	11.5	1.52376	2.16476	0.640996	7.35772	9.45727	0.654865	46.8753	47.1552	0.0178906	0.840044	0.529164
48.	11.75	1.46028	2.16762	0.707342	8.65177	9.4703	0.255305	46.7297	47.1817	0.0288958	0.566349	0.434491
49.	12	2.70715	2.17021	-0.536947	9.95668	9.48203	-0.148046	46.1473	47.2056	0.067654	0.314806	0.323937
50.	12.25	1.84404	2.17254	0.328497	8.46744	9.49259	0.319754	46.4297	47.2272	0.0509786	0.212752	0.266303
51.	12.5	2.18093	2.17465	-0.00628318	9.65533	9.50211	-0.0477912	46.3318	47.2465	0.0584755	0.00574286	0.0437526
52.	12.75	1.89924	2.17655	0.277305	7.43359	9.51067	0.647855	48.4956	47.264	-0.078736	0.502813	0.409395
53.	13	1.88508	2.17826	0.293185	8.9996	9.51837	0.161809	45.627	47.2797	0.105655	0.123302	0.202733
54.	13.25	3.29669	2.1798	-1.11688	9.57787	9.5253	-0.0163978	45.2733	47.2939	0.129169	1.26438	0.6492
55.	13.5	1.70244	2.18119	0.478757	9.36259	9.53154	0.0526977	46.408	47.3066	0.057447	0.235285	0.280051
56.	13.75	3.44479	2.18245	-1.26234	9.16977	9.53715	0.11459	46.6814	47.3181	0.0406978	1.60829	0.732187
57.	14	0.379662	2.18357	1.80391	8.42577	9.5422	0.348223	46.8082	47.3284	0.033256	3.37646	1.06089
58.	14.25	2.51312	2.18459	-0.328526	8.2189	9.54674	0.414161	45.9139	47.3376	0.0910189	0.287743	0.309701
59.	14.5	2.05243	2.1855	0.13307	8.04639	9.55082	0.469242	45.3094	47.346	0.130192	0.254846	0.291459
60.	14.75	2.14459	2.18632	0.0417367	9.18988	9.55449	0.113725	47.6364	47.3535	-0.018086	0.0150024	0.0707163
61.	15	2.30835	2.18706	-0.121282	8.1263	9.5578	0.446496	46.024	47.3602	0.0854242	0.221365	0.27164
Objective Value				48.1507			10.1523			0.785885
Root Mean Square				0.888457			0.40796			0.113505
Weight				1			0.0972862			0.00408675

Fisher Information Matrix:
  Matrix(12x12)
	1.11306e+06	911525	648803	25388.5	21778.4	15826.4	54155.8	48501.7	35840.1	214999	177207	127182
	911525	6.05924e+06	5.05637e+06	20259.7	140571	118932	42633.7	306124	261969	176344	1.17381e+06	986208
	648803	5.05637e+06	5.13938e+06	14294.8	116910	120090	29993.4	253974	263046	125731	979210	1.00125e+06
	25388.5	20259.7	14294.8	594.752	491.066	352.352	1306.87	1112.21	807.069	4950.88	3962.54	2813.85
	21778.4	140571	116910	491.066	3311.89	2790.22	1039.18	7302.56	6220.02	4203.8	27292.7	22856.8
	15826.4	118932	120090	352.352	2790.22	2854.49	738.464	6121.06	6339.34	3050.68	23047.3	23458.6
	54155.8	42633.7	29993.4	1306.87	1039.18	738.464	3031.28	2389.23	1696.11	10829.1	8403.8	5917.58
	48501.7	306124	253974	1112.21	7302.56	6121.06	2389.23	16356.6	13802.8	9393.81	59794	49870
	35840.1	261969	263046	807.069	6220.02	6339.34	1696.11	13802.8	14300.7	6887.77	50934.8	51688.2
	214999	176344	125731	4950.88	4203.8	3050.68	10829.1	9393.81	6887.77	42055.2	34381.8	24642.5
	177207	1.17381e+06	979210	3962.54	27292.7	23047.3	8403.8	59794	50934.8	34381.8	228143	191397
	127182	986208	1.00125e+06	2813.85	22856.8	23458.6	5917.58	49870	51688.2	24642.5	191397	195695

FIM Eigenvalues:
  Matrix(12x1)
	0.105229
	0.299805
	0.549479
	48.0983
	88.053
	378.946
	564.017
	868.337
	2071.29
	505417
	1.06313e+06
	1.12455e+07

FIM Eigenvectors corresponding to Eigenvalues:
  Matrix(12x12)
	0.000712918	-0.00370923	0.0264775	-0.025115	0.137743	-0.946846	0.00706694	-0.0417911	0.269291	-0.00248616	0.013514	-0.0930606
	0.00331316	-0.0277551	-0.00291941	-0.131208	0.93794	0.140804	0.03727	-0.263175	-0.0408809	-0.0110647	0.099576	0.00885604
	0.0286188	0.00324229	-9.64854e-06	-0.947777	-0.133559	0.00567675	0.266098	0.0378495	-0.00174048	-0.103259	-0.0106208	-0.00018463
	0.0250468	-0.0587225	0.0541926	0.0799356	-0.184338	0.181865	0.201532	-0.477595	0.484614	-0.189268	0.446901	-0.424778
	-0.0774176	-0.0217	0.0202424	-0.25964	-0.0363615	0.0706155	-0.685352	-0.0688206	0.190879	0.604018	0.132163	-0.161929
	0.0338245	-0.0767469	0.148745	0.000356748	0.125709	-0.0117568	-0.0721311	0.556685	-0.28491	-0.160018	0.239719	-0.689604
	0.0657375	-0.114208	-0.0412025	-0.048612	-0.121585	-0.163961	-0.286681	-0.182986	-0.453478	-0.257223	0.656045	0.345018
	0.160058	0.053472	-0.0207455	-0.0813601	0.0453551	0.0820194	-0.56454	0.0342089	0.296614	-0.678278	-0.295363	0.0230873
	0.0136835	0.112675	0.10297	-0.0241539	-0.122415	-0.106384	-0.0950218	-0.589607	-0.526733	-0.0285862	-0.4017	-0.39158
	0.253537	-0.658667	0.680424	0.00580025	-0.0155096	0.015201	0.0124796	-0.0341296	0.0319674	0.0492046	-0.127819	0.131508
	-0.940495	-0.0918646	0.261471	-0.0215448	-0.00281099	0.00543257	-0.0460899	-0.00727468	0.0107037	-0.181696	-0.0184708	0.0501423
	0.111646	0.720081	0.655549	0.00248128	0.0166907	0.015379	0.00522547	0.0363303	0.0338036	0.0216108	0.139499	0.127812

Fisher Information Matrix (scaled):
  Matrix(12x12)
	0	1.81581e-305	-1.69157e-305	9.75898e-306	-3.88562e-306	1.39359e-305	-2.0474e-305	4.87003e-307	-2.34971e-307	9.97816e-306	-1.45698e-305	4.91081e-306
	1.81581e-305	3101.11	-3386.98	200.077	-644.357	2690.59	-414.103	78.971	-44.1258	210.267	-2479.53	978.347
	-1.69157e-305	-3386.98	4505.66	-184.763	701.385	-3555.75	381.29	-85.7501	57.9893	-196.213	2707.2	-1300
	9.75898e-306	200.077	-184.763	113.335	-43.4344	153.812	-244.935	5.53631	-2.62311	113.909	-161.513	53.8628
	-3.88562e-306	-644.357	701.385	-43.4344	135.968	-565.353	90.4019	-16.8724	9.3835	-44.8936	516.354	-203.082
	1.39359e-305	2690.59	-3555.75	153.812	-565.353	2854.49	-317.055	69.7988	-47.1994	160.79	-2151.99	1028.67
	-2.0474e-305	-414.103	381.29	-244.935	90.4019	-317.055	558.774	-11.6973	5.4219	-245.052	336.9	-111.41
	4.87003e-307	78.971	-85.7501	5.53631	-16.8724	69.7988	-11.6973	2.12685	-1.17188	5.64579	-63.6648	24.9365
	-2.34971e-307	-44.1258	57.9893	-2.62311	9.3835	-47.1994	5.4219	-1.17188	0.792758	-2.70292	35.4101	-16.8756
	9.97816e-306	210.267	-196.213	113.909	-44.8936	160.79	-245.052	5.64579	-2.70292	116.827	-169.204	56.9536
	-1.45698e-305	-2479.53	2707.2	-161.513	516.354	-2151.99	336.9	-63.6648	35.4101	-169.204	1989.07	-783.664
	4.91081e-306	978.347	-1300	53.8628	-203.082	1028.67	-111.41	24.9365	-16.8756	56.9536	-783.664	376.295

FIM Eigenvalues (scaled):
  Matrix(12x1)
	0
	7.83779e-05
	0.000507933
	0.348903
	0.703461
	0.947418
	4.14507
	10.4244
	31.2901
	503.75
	782.54
	12420.3

FIM Eigenvectors (scaled) corresponding to Eigenvalues:
  Matrix(12x12)
	1	-7.2193e-308	1.98737e-309	-6.42028e-308	-2.63626e-307	5.34086e-309	-1.93132e-308	-1.35024e-306	1.71723e-307	-6.32719e-308	-6.47589e-308	0
	-5.53669e-308	0.00351124	0.0244904	7.19397e-05	0.0139691	0.0257628	2.7421e-05	0.0824847	0.994115	-2.3247e-05	0.0033728	0.0587323
	1.3888e-306	0.0513786	-0.00080518	0.00176761	0.191195	-0.00279378	0.000651954	0.975533	-0.0839369	-0.000387492	0.0456271	0.00106887
	-3.4326e-310	-0.0659085	-0.0579975	0.162481	0.702151	0.144249	0.0136506	-0.118117	0.0336437	-0.129521	-0.266712	-0.590667
	1.86582e-309	0.218236	0.23949	0.225929	0.543013	0.0534034	0.00468658	-0.128782	-0.0458494	-0.208682	0.128804	0.683675
	1.13611e-308	-0.0428228	-0.0916919	0.736242	-0.327864	-0.0814755	0.0782497	0.0640192	0.00927535	-0.559617	0.031627	-0.0953686
	-1.57115e-308	0.579532	-0.0602343	-0.109994	0.0238821	0.0408696	-0.109562	-0.0659593	0.0207207	-0.124991	0.709682	-0.331844
	-8.2863e-308	-0.116607	-0.00972539	-0.477796	-0.0252991	-0.0324046	-0.511534	0.0188368	-0.00198936	-0.684697	-0.152352	0.0477777
	-2.03018e-309	-0.0420306	0.585465	0.0109314	-0.20417	0.773427	0.00730591	0.042609	-0.0289575	-0.0486578	-0.00225818	-0.101926
	1.54576e-308	-0.53393	-0.38177	0.18874	0.105293	0.31722	-0.439137	-0.0124285	-0.00533261	0.186263	0.426584	0.110186
	2.71215e-308	0.271865	0.295912	0.321636	-0.0614671	-0.214866	-0.72327	0.00831242	0.00319059	0.322483	-0.225786	-0.0834143
	2.74692e-309	0.483044	-0.592004	0.0303543	-0.100574	0.470451	-0.0631198	0.0123537	-0.00772074	0.031864	-0.386475	0.171068

Correlation Matrix:
  Matrix(12x12)
	1	-0.0849386	0.0483588	-0.956925	0.0593466	-0.0380599	0.975508	-0.0669313	0.0393374	-0.972925	0.0973021	-0.0530554
	-0.0849386	1	-0.170782	0.106562	-0.974683	0.129033	-0.108646	0.983773	-0.139231	0.0735285	-0.983934	0.193693
	0.0483588	-0.170782	1	-0.0463425	0.173041	-0.988935	0.047813	-0.198683	0.992439	-0.0469927	0.180421	-0.992109
	-0.956925	0.106562	-0.0463425	1	-0.0921764	0.0404935	-0.970619	0.089894	-0.0395135	0.872548	-0.107388	0.0475358
	0.0593466	-0.974683	0.173041	-0.0921764	1	-0.15406	0.0912059	-0.985865	0.15023	-0.0435297	0.924632	-0.175877
	-0.0380599	0.129033	-0.988935	0.0404935	-0.15406	1	-0.0392011	0.169294	-0.994693	0.0339809	-0.124451	0.965181
	0.975508	-0.108646	0.047813	-0.970619	0.0912059	-0.0392011	1	-0.0983515	0.0408313	-0.942764	0.116884	-0.0520724
	-0.0669313	0.983773	-0.198683	0.089894	-0.985865	0.169294	-0.0983515	1	-0.179998	0.0597334	-0.960937	0.216342
	0.0393374	-0.139231	0.992439	-0.0395135	0.15023	-0.994693	0.0408313	-0.179998	1	-0.0375802	0.149193	-0.980232
	-0.972925	0.0735285	-0.0469927	0.872548	-0.0435297	0.0339809	-0.942764	0.0597334	-0.0375802	1	-0.0938988	0.0546227
	0.0973021	-0.983934	0.180421	-0.107388	0.924632	-0.124451	0.116884	-0.960937	0.149193	-0.0938988	1	-0.220416
	-0.0530554	0.193693	-0.992109	0.0475358	-0.175877	0.965181	-0.0520724	0.216342	-0.980232	0.0546227	-0.220416	1

