Objective Function Value:	60.8143
Standard Deviation:	0.596355
Function Evaluations:	3926
CPU Time [s]:	0.590
Evaluations/Second [1/s]:	6654.24

	Parameter	Value	Gradient	Standard Deviation
	Values[theta10].InitialValue:	1.6329e-313	-816.801	0.00758618
	Values[theta11].InitialValue:	0	7198.18	0.00376699
	Values[theta12].InitialValue:	-0.0174845	-264.238	0.00995473
	Values[theta1].InitialValue:	4.8637e-310	-14.3596	2.13204
	Values[theta2].InitialValue:	2.12448e-322	274.847	0.692594
	Values[theta3].InitialValue:	2.66795e-322	-7.19673	1.84418
	Values[theta4].InitialValue:	-0.364162	-22.775	0.077279
	Values[theta5].InitialValue:	-0.00282972	880.286	0.0496172
	Values[theta6].InitialValue:	-0.00448526	-19.5645	0.142261
	Values[theta7].InitialValue:	0.071959	-123.744	0.198682
	Values[theta8].InitialValue:	4.39797e-310	2692.35	0.0598224
	Values[theta9].InitialValue:	0.0869288	-61.7719	0.165931

File Name:	/home/marioc/Dropbox/projects/galeano/MicrobiomeBayes/javi.csv
Experiment:	Experiment
Mean:	0.0786446
Objective Value:	60.8143
Root Mean Square:	0.576471
Row	Time	x1.ParticleNumber(Data)	x1.ParticleNumber(Fit)	x1.ParticleNumber(Weighted Error)	x2.ParticleNumber(Data)	x2.ParticleNumber(Fit)	x2.ParticleNumber(Weighted Error)	x3.ParticleNumber(Data)	x3.ParticleNumber(Fit)	x3.ParticleNumber(Weighted Error)	Objective Value	Root Mean Square

1.	0	9.43952	10	0.560476	9.49768	10	0.156678	9.50944	10	0.0313602	0.339665	0.336484
2.	0.25	5.36022	5.9906	0.630379	9.10144	9.94639	0.263546	11.7254	11.7437	0.00117016	0.466836	0.394477
3.	0.5	5.61783	4.48421	-1.13362	7.96583	9.91027	0.606483	16.0227	13.7049	-0.148176	1.67488	0.74719
4.	0.75	3.36312	3.70317	0.34005	7.5552	9.88186	0.725703	15.9202	15.8585	-0.00394245	0.642295	0.462708
5.	1	2.96987	3.23073	0.260857	8.64969	9.85778	0.376811	19.3557	18.1741	-0.0755372	0.215739	0.268166
6.	1.25	4.26387	2.91789	-1.34598	8.57783	9.83643	0.392567	21.8447	20.611	-0.0788706	1.972	0.810761
7.	1.5	2.81094	2.69809	-0.112845	8.02062	9.81695	0.560291	23.4827	23.1195	-0.0232229	0.327199	0.330252
8.	1.75	0.945058	2.53713	1.59208	8.77435	9.79882	0.319539	27.0121	25.644	-0.0874627	2.64446	0.938875
9.	2	1.42299	2.41562	0.992627	9.82619	9.78168	-0.0138813	31.0615	28.1276	-0.187555	1.02068	0.583289
10.	2.25	1.59174	2.32172	0.729979	7.24252	9.76532	0.78688	32.4405	30.5169	-0.122974	1.16717	0.623745
11.	2.5	3.20919	2.24783	-0.961364	5.40974	9.74956	1.35362	34.1999	32.7663	-0.0916447	2.76491	0.960019
12.	2.75	2.30749	2.18881	-0.11868	8.73292	9.73428	0.312331	35.6786	34.8411	-0.0535379	0.114502	0.195365
13.	3	2.32211	2.1411	-0.181011	7.04467	9.71939	0.834264	35.754	36.7186	0.0616675	0.732564	0.494154
14.	3.25	2.01399	2.10211	0.0881254	7.10695	9.70482	0.810293	40.4122	38.3879	-0.129408	0.681087	0.476476
15.	3.5	1.33565	2.06997	0.734318	8.87248	9.69051	0.255149	39.075	39.8487	0.049457	0.606769	0.449729
16.	3.75	3.67122	2.04324	-1.62798	7.62188	9.67642	0.640827	42.3312	41.1086	-0.0781559	3.06707	1.01112
17.	4	2.37838	2.02086	-0.357522	6.75086	9.66252	0.908168	44.3794	42.1813	-0.14052	0.972338	0.569309
18.	4.25	0	2.00196	2.00196	8.22083	9.64879	0.445391	41.7525	43.0839	0.0851097	4.21347	1.18511
19.	4.5	2.58101	1.98591	-0.595101	7.96981	9.63519	0.519443	44.4941	43.8351	-0.042123	0.625741	0.456706
20.	4.75	1.4085	1.97217	0.56367	8.18345	9.62171	0.448603	44.0165	44.4541	0.0279757	0.519751	0.416233
21.	5	0.815885	1.96032	1.14444	8.63065	9.60833	0.304946	43.102	44.959	0.118712	1.41682	0.687222
22.	5.25	1.66863	1.95004	0.281412	7.94026	9.59505	0.516144	43.4801	45.3667	0.120605	0.360143	0.346479
23.	5.5	0.863746	1.94105	1.07731	9.01809	9.58186	0.175845	43.6527	45.6924	0.130396	1.20852	0.634696
24.	5.75	1.16409	1.93313	0.769045	8.21284	9.56874	0.422914	44.9329	45.9494	0.0649813	0.774509	0.508104
25.	6	1.27113	1.9261	0.654963	8.82129	9.55568	0.229064	44.1713	46.1491	0.126438	0.497434	0.407199
26.	6.25	0.212565	1.9198	1.70724	9.63894	9.54269	-0.0300207	46.4576	46.3015	-0.00998051	2.91566	0.985844
27.	6.5	2.73997	1.91412	-0.825844	9.02626	9.52976	0.157046	47.9801	46.4147	-0.100073	0.716696	0.488773
28.	6.75	2.05828	1.90896	-0.149324	8.31053	9.51688	0.37627	44.6822	46.4959	0.115943	0.177319	0.243118
29.	7	0.769296	1.90423	1.13493	9.82716	9.50406	-0.100778	46.8292	46.5506	-0.0178065	1.29854	0.65791
30.	7.25	3.16356	1.89985	-1.26371	9.71037	9.49128	-0.0683378	46.869	46.5839	-0.0182288	1.60196	0.730743
31.	7.5	2.33831	1.89578	-0.442527	9.30058	9.47854	0.0555088	46.4797	46.5995	0.00765756	0.19897	0.257533
32.	7.75	1.61867	1.89197	0.273292	9.02319	9.46585	0.138069	45.1778	46.6008	0.0909662	0.102026	0.184415
33.	8	2.81058	1.88836	-0.922218	8.186	9.4532	0.395251	46.0983	46.5904	0.0314568	1.0077	0.579568
34.	8.25	2.79512	1.88494	-0.910181	10.2014	9.4406	-0.237285	45.9632	46.5705	0.0388233	0.886242	0.54352
35.	8.5	2.73994	1.88168	-0.858269	8.26478	9.42803	0.362825	46.8278	46.543	-0.0182107	0.8686	0.538083
36.	8.75	2.60823	1.87854	-0.729692	11.0744	9.4155	-0.51744	45.9099	46.5092	0.0383109	0.801662	0.516934
37.	9	2.4746	1.87551	-0.599089	10.4397	9.403	-0.323359	47.2737	46.4703	-0.0513611	0.466106	0.394169
38.	9.25	1.85973	1.87257	0.0128355	8.68949	9.39054	0.218664	45.9342	46.4274	0.0315298	0.048973	0.127767
39.	9.5	1.61654	1.86971	0.253169	7.9151	9.37812	0.456326	47.3714	46.3811	-0.063307	0.276336	0.3035
40.	9.75	1.5428	1.86692	0.324125	8.24586	9.36573	0.349297	45.2779	46.3323	0.0674036	0.231609	0.277854
41.	10	1.22924	1.86419	0.634954	9.22645	9.35338	0.0395924	45.0739	46.2812	0.0771821	0.410691	0.369996
42.	10.25	1.71662	1.86151	0.144884	8.73485	9.34106	0.189083	49.581	46.2285	-0.214316	0.102675	0.185
43.	10.5	0.659675	1.85887	1.19919	8.64478	9.32878	0.213343	45.9281	46.1744	0.0157484	1.48383	0.703285
44.	10.75	4.0945	1.85627	-2.23823	8.05041	9.31653	0.394911	46.6474	46.1192	-0.0337624	5.16677	1.31235
45.	11	3.13392	1.85369	-1.28022	8.96573	9.30431	0.105605	46.9893	46.0632	-0.0592033	1.65362	0.742434
46.	11.25	0.803212	1.85115	1.04794	8.23371	9.29213	0.33013	45.872	46.0065	0.00859736	1.20724	0.63436
47.	11.5	1.52376	1.84863	0.324873	7.35772	9.27997	0.599566	46.8753	45.9493	-0.0591969	0.468526	0.39519
48.	11.75	1.46028	1.84614	0.38586	8.65177	9.26785	0.192162	46.7297	45.8917	-0.0535692	0.188684	0.250788
49.	12	2.70715	1.84366	-0.863492	9.95668	9.25577	-0.218619	46.1473	45.8339	-0.020039	0.793814	0.514397
50.	12.25	1.84404	1.8412	-0.00284264	8.46744	9.24371	0.242125	46.4297	45.7758	-0.0418038	0.0603803	0.141869
51.	12.5	2.18093	1.83876	-0.342174	9.65533	9.23169	-0.132138	46.3318	45.7176	-0.0392688	0.136086	0.212983
52.	12.75	1.89924	1.83633	-0.0629161	7.43359	9.21969	0.557098	48.4956	45.6593	-0.181324	0.347195	0.340194
53.	13	1.88508	1.83391	-0.0511668	8.9996	9.20773	0.064918	45.627	45.6009	-0.00166791	0.00683518	0.0477325
54.	13.25	3.29669	1.8315	-1.46518	9.57787	9.1958	-0.119171	45.2733	45.5425	0.0172103	2.16126	0.848776
55.	13.5	1.70244	1.82911	0.12667	9.36259	9.1839	-0.0557325	46.408	45.4842	-0.0590549	0.0226389	0.0868695
56.	13.75	3.44479	1.82672	-1.61807	9.16977	9.17203	0.000707492	46.6814	45.4259	-0.0802633	2.62458	0.935339
57.	14	0.379662	1.82435	1.44468	8.42577	9.1602	0.229074	46.8082	45.3677	-0.0920866	2.14807	0.846182
58.	14.25	2.51312	1.82198	-0.691135	8.2189	9.14839	0.289914	45.9139	45.3095	-0.0386341	0.56321	0.433286
59.	14.5	2.05243	1.81962	-0.23281	8.04639	9.13661	0.340048	45.3094	45.2515	-0.00370578	0.169847	0.23794
60.	14.75	2.14459	1.81727	-0.327316	9.18988	9.12487	-0.020279	47.6364	45.1935	-0.156169	0.131936	0.209711
61.	15	2.30835	1.81493	-0.493417	8.1263	9.11315	0.307807	46.024	45.1356	-0.056789	0.34143	0.337357
Objective Value				49.3374			11.0511			0.425784
Root Mean Square				0.899339			0.425635			0.0835468
Weight				1			0.0972862			0.00408675

Fisher Information Matrix:
  Matrix(12x12)
	1.29971e+06	4.35597e+06	-112436	30017.5	120764	-2519	60062.8	303792	-4880.15	284204	1.16553e+06	-23651.3
	4.35597e+06	2.28229e+08	1.34358e+07	89786	5.922e+06	300042	150281	1.39133e+07	578622	832629	5.68071e+07	2.81532e+06
	-112436	1.34358e+07	2.5697e+06	-3051.1	366475	60394.5	-7515.86	908019	124636	-29385.1	3.53125e+06	572520
	30017.5	89786	-3051.1	721.686	2530.17	-69.3527	1527.83	6488.23	-137.028	6856.9	24441.5	-652.876
	120764	5.922e+06	366475	2530.17	154919	8285.83	4340.97	367254	16251.5	23553.1	1.4871e+06	77939.3
	-2519	300042	60394.5	-69.3527	8285.83	1466.88	-173.757	20823.7	3152.03	-668.47	79893.5	13949.7
	60062.8	150281	-7515.86	1527.83	4340.97	-173.757	3534.66	11462.5	-351.177	14580.3	41994.7	-1640.19
	303792	1.39133e+07	908019	6488.23	367254	20823.7	11462.5	879357	41628	60628.1	3.52799e+06	196371
	-4880.15	578622	124636	-137.028	16251.5	3152.03	-351.177	41628	7109.93	-1322.25	156851	30086.8
	284204	832629	-29385.1	6856.9	23553.1	-668.47	14580.3	60628.1	-1322.25	65179.7	227584	-6294.08
	1.16553e+06	5.68071e+07	3.53125e+06	24441.5	1.4871e+06	79893.5	41994.7	3.52799e+06	156851	227584	1.4276e+07	751639
	-23651.3	2.81532e+06	572520	-652.876	77939.3	13949.7	-1640.19	196371	30086.8	-6294.08	751639	132718

FIM Eigenvalues:
  Matrix(12x1)
	0.070168
	0.120525
	0.743954
	18.1597
	54.436
	160.519
	3426.66
	5167.1
	117796
	1.11463e+06
	2.07087e+06
	2.44307e+08

FIM Eigenvectors corresponding to Eigenvalues:
  Matrix(12x12)
	-0.00222374	-0.000402108	-0.00140831	0.874842	-0.00613953	0.475583	-0.0086727	-0.00527177	-0.00827528	-0.0804489	0.00352846	-0.0420991
	0.00136812	-6.90274e-05	-0.00339958	-0.475188	-0.052405	0.873903	0.00749407	-0.00183234	-0.0293129	0.0423085	0.00618078	-0.0705923
	-0.0014108	0.00402749	-0.00318235	0.0206691	-0.99295	-0.0483006	-0.0182612	0.0328274	-0.0508572	0.00783644	0.0793324	0.0301463
	0.00253127	-0.00168336	0.0480473	-0.00769274	-0.0587652	-0.00999053	0.0339492	-0.016461	0.906575	-0.0183734	0.0168157	-0.412489
	0.0556962	0.00207003	0.000612432	-0.0292077	-0.0179661	-0.00399007	0.89252	0.0527754	-0.0400724	-0.440801	-0.0194937	0.00572497
	-0.017768	-0.0489213	-0.0252858	0.00311259	0.00426088	0.00293387	0.0932651	-0.894024	0.0246222	0.0596705	0.415658	0.108165
	0.207419	-0.0146445	0.0394807	-0.0819536	0.00231441	-0.0165492	-0.429177	-0.09149	-0.0815752	-0.846421	0.0784032	-0.16253
	-0.0445207	-0.0217748	0.210647	0.016411	0.00426177	-0.0826511	0.0823479	-0.053012	-0.403486	0.175676	0.0977773	-0.856293
	0.125107	0.228421	0.155843	0.00131697	-0.0813422	-0.00244148	-0.000197356	-0.419402	-0.0205219	0.00878163	-0.850717	-0.0338433
	-0.869968	0.0823162	-0.401342	-0.0204255	-0.0132174	-0.0103167	-0.0416921	-0.0712877	-0.0235683	-0.193998	-0.140422	-0.0993782
	0.422755	0.0619917	-0.87317	0.0097319	-0.00519349	-0.0209274	0.0194755	-0.0302091	-0.044236	0.091968	-0.0557432	-0.199084
	0.0185421	0.966488	0.0575156	0.000382742	0.0250977	0.00128634	0.000642046	0.0590166	0.00248588	0.00355058	0.240768	0.0120735

Fisher Information Matrix (scaled):
  Matrix(12x12)
	0	0	3.21011e-310	0	0	0	-3.57157e-309	-1.40372e-310	3.5742e-312	3.33945e-309	0	-3.35721e-310
	0	0	0	0	0	0	0	0	0	0	0	0
	3.21011e-310	0	785.582	2.59464e-308	-1.36128e-318	-2.81617e-319	-47.855	44.9256	9.77428	36.9715	-2.71541e-305	-870.18
	0	0	2.59464e-308	0	0	0	-2.70606e-307	-8.9297e-309	2.98925e-310	2.39983e-307	0	-2.76033e-308
	0	0	-1.36128e-318	0	0	0	-3.35767e-319	-2.20798e-319	-1.54741e-320	3.59996e-319	0	1.43936e-318
	0	0	-2.81617e-319	0	0	0	1.68674e-320	-1.57212e-320	-3.77466e-321	-1.28259e-320	0	3.23386e-319
	-3.57157e-309	0	-47.855	-2.70606e-307	-3.35767e-319	1.68674e-320	468.744	11.8118	-0.573598	-382.072	-6.72575e-306	51.922
	-1.40372e-310	0	44.9256	-8.9297e-309	-2.20798e-319	-1.57212e-320	11.8118	7.0413	0.528344	-12.3453	-4.3906e-306	-48.3043
	3.5742e-312	0	9.77428	2.98925e-310	-1.54741e-320	-3.77466e-321	-0.573598	0.528344	0.143034	0.426762	-3.09404e-307	-11.7308
	3.33945e-309	0	36.9715	2.39983e-307	3.59996e-319	-1.28259e-320	-382.072	-12.3453	0.426762	337.507	7.20241e-306	-39.3714
	0	0	-2.71541e-305	0	0	0	-6.72575e-306	-4.3906e-306	-3.09404e-307	7.20241e-306	0	2.87359e-305
	-3.35721e-310	0	-870.18	-2.76033e-308	1.43936e-318	3.23386e-319	51.922	-48.3043	-11.7308	-39.3714	2.87359e-305	1002.9

FIM Eigenvalues (scaled):
  Matrix(12x1)
	-9.55129e-14
	0
	0
	0
	-0
	0
	0.000473506
	3.58332
	15.686
	17.5415
	783.492
	1781.61

FIM Eigenvectors (scaled) corresponding to Eigenvalues:
  Matrix(12x12)
	3.96539e-298	0	-1.80212e-17	3.96179e-297	-2.68404e-306	4.44659e-323	1.51039e-16	-7.40816e-16	-1.12798e-13	1.65826e-16	1	-1.19457e-15
	0	1	0	0	0	0	0	0	0	0	0	0
	-3.96539e-298	0	1.92686e-322	-3.96179e-297	2.68404e-306	1	9.88131e-324	4.94066e-324	1.3152e-320	-9.88131e-324	-3.95253e-323	0
	-0.0990981	0	-3.59909e-315	0.00991881	0.995028	-4.13206e-311	2.83522e-313	7.10434e-314	1.83907e-314	-5.74827e-312	4.15174e-311	0
	0.0995932	0	-4.08507e-312	0.995028	-6.74101e-10	3.98159e-297	-2.93058e-311	2.42566e-311	2.71905e-310	-7.40715e-310	-3.98159e-297	0
	0.990081	0	3.59582e-314	-0.0990981	0.0995932	-1.45993e-311	-2.83265e-312	-7.09788e-313	-1.8374e-313	5.74305e-311	1.2633e-311	0
	-1.78422e-311	0	-0.0133148	-1.76351e-310	1.12795e-319	1.3157e-320	5.98685e-05	0.000909153	-0.999642	0.000117188	-1.12789e-13	-0.0232002
	-1.03802e-312	0	0.121651	-7.32261e-311	3.1383e-320	2.47033e-323	-0.0709721	-0.980536	-0.0038604	-0.124166	-1.07377e-15	0.0572843
	1.61159e-311	0	-0.0111537	5.80576e-310	4.71833e-321	-9.88131e-324	0.640624	-0.144407	0.000620223	0.753791	-2.7857e-16	-0.020521
	-6.1659e-313	0	-0.740026	-2.28338e-311	4.79738e-321	-1.82804e-322	-0.0256091	-0.12464	0.025038	-0.0310308	2.09223e-15	-0.659227
	6.15949e-312	0	-0.0558137	4.55634e-310	8.39912e-322	1.4822e-323	-0.760992	-0.0292149	-0.000819611	0.642159	-1.97472e-17	0.0674822
	-4.98877e-313	0	-0.658897	-3.8937e-311	1.08694e-321	2.42092e-322	0.0692753	-0.0361463	-0.00857419	-0.0552313	1.90848e-17	0.746073

Correlation Matrix:
  Matrix(12x12)
	1	0.138301	0.108667	-0.729897	0.0985303	-0.128794	0.773751	0.21656	0.0353021	0.59041	-0.197964	0.115732
	0.138301	1	-0.044996	-0.205041	-0.723408	-0.178515	-0.060593	0.922406	-0.20053	0.213286	0.432933	0.258651
	0.108667	-0.044996	1	-0.0714684	0.293637	-0.659016	0.0575055	0.0800736	0.900882	0.0579441	-0.359437	0.336327
	-0.729897	-0.205041	-0.0714684	1	0.0246902	0.224558	-0.299308	-0.193738	0.0124538	-0.981747	0.060891	-0.246847
	0.0985303	-0.723408	0.293637	0.0246902	1	-0.0994274	0.142668	-0.44029	0.283084	-0.0558506	-0.934892	-0.0139984
	-0.128794	-0.178515	-0.659016	0.224558	-0.0994274	1	-0.00833391	-0.198833	-0.360331	-0.231938	0.204951	-0.92848
	0.773751	-0.060593	0.0575055	-0.299308	0.142668	-0.00833391	1	0.00533847	0.0486671	0.12192	-0.158013	-0.0147992
	0.21656	0.922406	0.0800736	-0.193738	-0.44029	-0.198833	0.00533847	1	-0.109237	0.181264	0.0949276	0.231389
	0.0353021	-0.20053	0.900882	0.0124538	0.283084	-0.360331	0.0486671	-0.109237	1	-0.0240946	-0.268882	-0.0065753
	0.59041	0.213286	0.0579441	-0.981747	-0.0558506	-0.231938	0.12192	0.181264	-0.0240946	1	-0.0227663	0.261349
	-0.197964	0.432933	-0.359437	0.060891	-0.934892	0.204951	-0.158013	0.0949276	-0.268882	-0.0227663	1	-0.0947999
	0.115732	0.258651	0.336327	-0.246847	-0.0139984	-0.92848	-0.0147992	0.231389	-0.0065753	0.261349	-0.0947999	1

