Objective Function Value:	57.2957
Standard Deviation:	0.578846
Function Evaluations:	3890
CPU Time [s]:	0.463
Evaluations/Second [1/s]:	8401.73

	Parameter	Value	Gradient	Standard Deviation
	Values[theta10].InitialValue:	0.0205882	1034.1	0.0288871
	Values[theta11].InitialValue:	-0.00337099	381.161	0.0245473
	Values[theta12].InitialValue:	-0.0152467	608.889	0.0431266
	Values[theta1].InitialValue:	-0.396401	12.3176	6.07143
	Values[theta2].InitialValue:	1	24.3488	5.12211
	Values[theta3].InitialValue:	-0.124033	5.09511	8.8049
	Values[theta4].InitialValue:	-0.160581	15.4149	0.0665159
	Values[theta5].InitialValue:	0.00226316	57.9823	0.0754284
	Values[theta6].InitialValue:	-0.0184152	-24.6798	0.148774
	Values[theta7].InitialValue:	-0.0204071	89.641	0.544432
	Values[theta8].InitialValue:	-0.1	208.584	0.454682
	Values[theta9].InitialValue:	0.1	46.8482	0.769931

File Name:	/home/marioc/Dropbox/projects/galeano/MicrobiomeBayes/javi.csv
Experiment:	Experiment
Mean:	0.00152815
Objective Value:	57.2957
Root Mean Square:	0.559545
Row	Time	x1.ParticleNumber(Data)	x1.ParticleNumber(Fit)	x1.ParticleNumber(Weighted Error)	x2.ParticleNumber(Data)	x2.ParticleNumber(Fit)	x2.ParticleNumber(Weighted Error)	x3.ParticleNumber(Data)	x3.ParticleNumber(Fit)	x3.ParticleNumber(Weighted Error)	Objective Value	Root Mean Square

1.	0	9.43952	10	0.560476	9.49768	10	0.156678	9.50944	10	0.0313602	0.339665	0.336484
2.	0.25	5.36022	6.57781	1.21759	9.10144	9.9599	0.267761	11.7254	11.5082	-0.0138833	1.55441	0.719818
3.	0.5	5.61783	4.81745	-0.800379	7.96583	9.90445	0.604669	16.0227	13.2944	-0.174415	1.03665	0.587835
4.	0.75	3.36312	3.76471	0.401595	7.5552	9.84064	0.712845	15.9202	15.3195	-0.0383975	0.670901	0.472899
5.	1	2.96987	3.07895	0.109082	8.64969	9.77128	0.349833	19.3557	17.5499	-0.115443	0.147609	0.221817
6.	1.25	4.26387	2.6082	-1.65567	8.57783	9.6977	0.349298	21.8447	19.9448	-0.12146	2.87799	0.979454
7.	1.5	2.81094	2.27441	-0.536524	8.02062	9.62072	0.499084	23.4827	22.454	-0.0657629	0.541268	0.424762
8.	1.75	0.945058	2.03337	1.08831	8.77435	9.54106	0.239143	27.0121	25.019	-0.127418	1.25784	0.647518
9.	2	1.42299	1.85813	0.435138	9.82619	9.45957	-0.11435	31.0615	27.5761	-0.22281	0.252065	0.289865
10.	2.25	1.59174	1.73132	0.139581	7.24252	9.37724	0.665835	32.4405	30.0624	-0.152031	0.485933	0.402464
11.	2.5	3.20919	1.64121	-1.56798	5.40974	9.29517	1.2119	34.1999	32.4204	-0.113762	3.9402	1.14604
12.	2.75	2.30749	1.57952	-0.72797	8.73292	9.21454	0.15022	35.6786	34.6031	-0.0687537	0.557234	0.430981
13.	3	2.32211	1.54024	-0.781873	7.04467	9.13647	0.652448	35.754	36.5768	0.0526043	1.03978	0.588722
14.	3.25	2.01399	1.5188	-0.495189	7.10695	9.062	0.609793	40.4122	38.322	-0.133623	0.634915	0.460042
15.	3.5	1.33565	1.51167	0.176018	8.87248	8.99198	0.0372727	39.075	39.8326	0.0484282	0.0347168	0.107575
16.	3.75	3.67122	1.51601	-2.15521	7.62188	8.92707	0.407098	42.3312	41.1139	-0.0778174	4.81672	1.26711
17.	4	2.37838	1.52949	-0.848888	6.75086	8.86769	0.660253	44.3794	42.1799	-0.140611	1.17632	0.626183
18.	4.25	0	1.55016	1.55016	8.22083	8.81406	0.185034	41.7525	43.0501	0.0829511	2.44411	0.902609
19.	4.5	2.58101	1.57636	-1.00465	7.96981	8.76622	0.248407	44.4941	43.7473	-0.0477379	1.07331	0.598138
20.	4.75	1.4085	1.60667	0.198171	8.18345	8.72403	0.16861	44.0165	44.2951	0.0178122	0.0680182	0.150575
21.	5	0.815885	1.63987	0.82398	8.63065	8.68723	0.0176474	43.102	44.7166	0.103216	0.689908	0.479551
22.	5.25	1.66863	1.67491	0.00627847	7.94026	8.65549	0.223085	43.4801	45.0333	0.0992888	0.0596647	0.141026
23.	5.5	0.863746	1.71091	0.847167	9.01809	8.62839	-0.12155	43.6527	45.2645	0.103037	0.743083	0.497689
24.	5.75	1.16409	1.74713	0.583047	8.21284	8.6055	0.122473	44.9329	45.427	0.0315846	0.355941	0.344452
25.	6	1.27113	1.78296	0.511829	8.82129	8.58637	-0.0732714	44.1713	45.5353	0.0871979	0.274941	0.302732
26.	6.25	0.212565	1.81791	1.60535	9.63894	8.57057	-0.333232	46.4576	45.6016	-0.0547248	2.69117	0.947132
27.	6.5	2.73997	1.8516	-0.888371	9.02626	8.55767	-0.146156	47.9801	45.6357	-0.149872	0.833026	0.526949
28.	6.75	2.05828	1.88374	-0.174548	8.31053	8.54728	0.0738427	44.6822	45.646	0.0616134	0.0397158	0.115059
29.	7	0.769296	1.91413	1.14483	9.82716	8.53903	-0.401779	46.8292	45.6389	-0.0760913	1.47786	0.701869
30.	7.25	3.16356	1.94265	-1.22091	9.71037	8.53258	-0.367363	46.869	45.6196	-0.0798705	1.63195	0.737552
31.	7.5	2.33831	1.96924	-0.369073	9.30058	8.52765	-0.241082	46.4797	45.5922	-0.0567356	0.197555	0.256615
32.	7.75	1.61867	1.99387	0.375193	9.02319	8.52398	-0.15571	45.1778	45.5598	0.0244188	0.165612	0.234955
33.	8	2.81058	2.01657	-0.794013	8.186	8.52133	0.104592	46.0983	45.5248	-0.0366671	0.64274	0.462868
34.	8.25	2.79512	2.0374	-0.757725	10.2014	8.51952	-0.524577	45.9632	45.4889	-0.0303268	0.850248	0.532368
35.	8.5	2.73994	2.05644	-0.68351	8.26478	8.51837	0.0790962	46.8278	45.4533	-0.0878696	0.481163	0.400484
36.	8.75	2.60823	2.07377	-0.534458	11.0744	8.51775	-0.797454	45.9099	45.4191	-0.0313756	0.922563	0.554546
37.	9	2.4746	2.08951	-0.385084	10.4397	8.51753	-0.599544	47.2737	45.3867	-0.120633	0.522296	0.417251
38.	9.25	1.85973	2.10377	0.244032	8.68949	8.51762	-0.0536061	45.9342	45.3566	-0.0369224	0.0637884	0.145818
39.	9.5	1.61654	2.11665	0.500106	7.9151	8.51794	0.18803	47.3714	45.3289	-0.130574	0.302511	0.317548
40.	9.75	1.5428	2.12827	0.585472	8.24586	8.51843	0.0850148	45.2779	45.3037	0.00165086	0.350008	0.341569
41.	10	1.22924	2.13874	0.9095	9.22645	8.51902	-0.220652	45.0739	45.281	0.0132374	0.876053	0.540387
42.	10.25	1.71662	2.14815	0.431529	8.73485	8.51968	-0.0671134	49.581	45.2606	-0.276192	0.267004	0.298331
43.	10.5	0.659675	2.15662	1.49694	8.64478	8.52038	-0.0388042	45.9281	45.2425	-0.043829	2.24426	0.86492
44.	10.75	4.0945	2.16422	-1.93028	8.05041	8.52108	0.146805	46.6474	45.2264	-0.0908392	3.75578	1.11889
45.	11	3.13392	2.17104	-0.962875	8.96573	8.52178	-0.138471	46.9893	45.2122	-0.113604	0.959209	0.565452
46.	11.25	0.803212	2.17716	1.37395	8.23371	8.52246	0.0900663	45.872	45.1998	-0.0429735	1.8977	0.795341
47.	11.5	1.52376	2.18266	0.658897	7.35772	8.52311	0.363496	46.8753	45.1889	-0.107806	0.577897	0.438899
48.	11.75	1.46028	2.18759	0.727309	8.65177	8.52373	-0.0399362	46.7297	45.1795	-0.0991039	0.540395	0.424419
49.	12	2.70715	2.19201	-0.515144	9.95668	8.5243	-0.446768	46.1473	45.1712	-0.0624021	0.468869	0.395335
50.	12.25	1.84404	2.19598	0.351933	8.46744	8.52483	0.0179021	46.4297	45.164	-0.0809131	0.130725	0.208746
51.	12.5	2.18093	2.19954	0.0186079	9.65533	8.52532	-0.352458	46.3318	45.1578	-0.0750546	0.130206	0.208331
52.	12.75	1.89924	2.20274	0.303494	7.43359	8.52577	0.340658	48.4956	45.1524	-0.213728	0.253836	0.290881
53.	13	1.88508	2.20561	0.320533	8.9996	8.52618	-0.147664	45.627	45.1477	-0.0306407	0.125485	0.20452
54.	13.25	3.29669	2.20819	-1.0885	9.57787	8.52654	-0.327917	45.2733	45.1436	-0.00829114	1.29243	0.656361
55.	13.5	1.70244	2.21051	0.50807	9.36259	8.52688	-0.260663	46.408	45.1401	-0.0810522	0.33265	0.332991
56.	13.75	3.44479	2.21259	-1.2322	9.16977	8.52718	-0.200428	46.6814	45.137	-0.0987293	1.56823	0.723009
57.	14	0.379662	2.21447	1.83481	8.42577	8.52745	0.0317152	46.8082	45.1344	-0.107	3.37897	1.06128
58.	14.25	2.51312	2.21616	-0.29696	8.2189	8.52769	0.0963125	45.9139	45.1321	-0.0499777	0.0999588	0.182537
59.	14.5	2.05243	2.21767	0.165242	8.04639	8.5279	0.150187	45.3094	45.1301	-0.0114666	0.0499926	0.12909
60.	14.75	2.14459	2.21904	0.0744543	9.18988	8.5281	-0.206416	47.6364	45.1283	-0.160337	0.073859	0.156907
61.	15	2.30835	2.22027	-0.0880724	8.1263	8.52827	0.125378	46.024	45.1268	-0.0573577	0.0267662	0.0944567
Objective Value				48.7569			7.93443			0.604294
Root Mean Square				0.894032			0.360656			0.0995312
Weight				1			0.0972862			0.00408675

Fisher Information Matrix:
  Matrix(12x12)
	5.04021e+06	3.85932e+06	5.27265e+06	119526	98159.9	130091	244022	210528	275584	1.04213e+06	868687	1.1446e+06
	3.85932e+06	6.35529e+06	5.98576e+06	89121.4	153853	142064	180217	318345	293852	771634	1.34673e+06	1.23814e+06
	5.27265e+06	5.98576e+06	7.9235e+06	123049	149536	191642	248229	316126	399919	1.06864e+06	1.31835e+06	1.67824e+06
	119526	89121.4	123049	2896.83	2294.04	3081.18	6053.79	4983.67	6624.11	25382.8	20350.3	27198.3
	98159.9	153853	149536	2294.04	3841.72	3634.39	4609.95	8167.78	7594.57	19934.1	33857.6	31865.5
	130091	142064	191642	3081.18	3634.39	4743.7	6222.47	7870.58	10059.9	26866.2	32198.8	41766.8
	244022	180217	248229	6053.79	4609.95	6222.47	13346.5	10004.1	13540.9	53272.1	40834.6	54917.7
	210528	318345	316126	4983.67	8167.78	7870.58	10004.1	18126.5	16797.1	43457.1	72342.7	69376.6
	275584	293852	399919	6624.11	7594.57	10059.9	13540.9	16797.1	21804.1	57955.5	67392.5	88855.2
	1.04213e+06	771634	1.06864e+06	25382.8	19934.1	26866.2	53272.1	43457.1	57955.5	222666	176964	237366
	868687	1.34673e+06	1.31835e+06	20350.3	33857.6	32198.8	40834.6	72342.7	67392.5	176964	298837	282661
	1.1446e+06	1.23814e+06	1.67824e+06	27198.3	31865.5	41766.8	54917.7	69376.6	88855.2	237366	282661	368211

FIM Eigenvalues:
  Matrix(12x1)
	0.0039058
	0.00991101
	0.0151224
	87.2376
	227.805
	440.802
	2703.16
	6918.68
	24421.7
	766952
	1.87724e+06
	1.75945e+07

FIM Eigenvectors corresponding to Eigenvalues:
  Matrix(12x12)
	-0.00119235	-0.00118248	0.00450463	0.268653	0.25334	-0.925053	-0.00227082	-0.00236238	0.0139237	-0.024546	-0.0228032	0.0810653
	0.00451848	0.000577094	0.00164453	-0.939886	-0.121499	-0.306416	0.00899697	0.00159152	0.008757	0.0838486	0.0107812	0.025132
	-0.000852515	0.0045895	0.000984593	0.190727	-0.955558	-0.206317	-0.00147029	0.0130719	0.00335255	-0.0174	0.0844257	0.0180939
	-0.000185988	-0.0232026	0.0213096	0.00571837	0.0134991	-0.012961	-0.167924	-0.436593	0.803913	0.0391911	0.2131	-0.29426
	0.0472063	-0.00726341	-0.0261449	-0.0297655	0.00567593	0.0104419	0.837522	-0.297495	0.0470542	-0.424933	0.105825	0.109913
	-0.018086	-0.00421237	-0.0195038	0.00833869	0.00744666	0.00890907	-0.235938	-0.788943	-0.465388	0.139376	0.209255	0.202912
	-0.0815617	-0.114019	0.146091	0.0328003	0.0462953	-0.0599688	0.260629	0.11705	-0.278773	0.343299	0.512813	-0.641884
	0.177049	-0.104873	0.0117616	-0.0687121	0.0435858	-0.00906559	-0.373789	0.152752	-0.120336	-0.734884	0.475271	-0.0857027
	0.086607	0.116436	0.152655	-0.0264891	-0.0562772	-0.0567452	-0.0663099	-0.243654	-0.200049	-0.296666	-0.605873	-0.624237
	-0.505704	-0.423782	0.721698	-0.0126057	-0.00895094	0.0173223	-0.0278824	-0.0169536	0.0349291	-0.110994	-0.075589	0.151548
	0.686413	-0.692884	0.0764766	0.0171613	-0.0147979	0.00387721	0.0357291	-0.0275387	0.0107422	0.151609	-0.125577	0.0382907
	0.474366	0.549666	0.653434	0.0111034	0.0136388	0.0158073	0.0225028	0.0287302	0.0330442	0.0964911	0.120054	0.138425

Fisher Information Matrix (scaled):
  Matrix(12x12)
	2136.41	-267.846	-1655.1	-975.474	2020.94	-332.203	-806.757	9.80942	-104.484	-437.849	-1788.47	2356.53
	-267.846	72.2186	307.647	119.09	-518.635	59.399	97.5547	-2.42868	18.2416	53.0824	453.981	-417.375
	-1655.1	307.647	1841.91	743.684	-2279.93	362.415	607.749	-10.9082	112.286	332.5	2010.05	-2558.76
	-975.474	119.09	743.684	455.19	-909.359	151.492	385.352	-4.47096	48.3548	205.332	806.69	-1078.14
	2020.94	-518.635	-2279.93	-909.359	3841.72	-450.785	-740.272	18.485	-139.856	-406.798	-3385.76	3186.55
	-332.203	59.399	362.415	151.492	-450.785	72.9783	123.936	-2.20933	22.9777	68.0027	399.372	-518.047
	-806.757	97.5547	607.749	385.352	-740.272	123.936	344.159	-3.63572	40.0425	174.573	655.728	-881.876
	9.80942	-2.42868	-10.9082	-4.47096	18.485	-2.20933	-3.63572	0.0928422	-0.700048	-2.00706	-16.3724	15.7011
	-104.484	18.2416	112.286	48.3548	-139.856	22.9777	40.0425	-0.700048	7.39421	21.7798	124.105	-163.629
	-437.849	53.0824	332.5	205.332	-406.798	68.0027	174.573	-2.00706	21.7798	92.7294	361.132	-484.395
	-1788.47	453.981	2010.05	806.69	-3385.76	399.372	655.728	-16.3724	124.105	361.132	2988.37	-2826.61
	2356.53	-417.375	-2558.76	-1078.14	3186.55	-518.047	-881.876	15.7011	-163.629	-484.395	-2826.61	3682.11

FIM Eigenvalues (scaled):
  Matrix(12x1)
	6.34429e-05
	0.000290465
	0.000385469
	0.0153584
	0.0706985
	1.25928
	2.11119
	29.8846
	53.3472
	501.798
	1342.28
	13604.5

FIM Eigenvectors (scaled) corresponding to Eigenvalues:
  Matrix(12x12)
	-0.00491162	0.0359664	-0.0387079	-0.0598328	0.0260358	0.974091	0.00117031	-0.102029	-0.102091	0.107368	0.0234753	0.105642
	0.0103486	-0.17796	-0.00559853	0.111415	-0.122044	0.135762	-0.00293213	0.934797	-0.00789014	-0.192506	-0.106105	0.0148404
	0.0441496	0.0347835	-0.00556403	0.481127	0.0228243	0.0885263	-0.0109668	-0.231775	-0.0566586	-0.836367	0.0192995	0.00603231
	-0.00260832	0.606169	0.00479075	0.0106467	0.472206	0.0210541	-0.0030452	0.219773	0.40182	-0.0313696	0.44457	0.0244763
	-0.0031194	0.332539	-0.0372215	-0.0343979	0.166054	-0.0990877	0.0223308	0.116604	-0.899726	0.019106	0.137626	-0.0808637
	0.279725	-0.0489747	0.160732	0.731063	0.0467229	-0.0125752	-0.379734	0.00374943	-0.0439209	0.441261	0.0604388	0.110546
	0.0167416	0.661541	-0.193269	0.0941729	-0.401551	0.0181266	-0.101363	0.00842143	0.0989774	0.0532213	-0.559559	-0.134942
	-0.36568	-0.133169	-0.434359	-0.0944883	0.0714595	0.0132074	-0.744637	-0.00335798	0.00671465	-0.0621319	0.111024	-0.273752
	-0.309307	0.137078	0.657035	-0.207982	-0.0595381	-0.0272131	-0.409517	0.00456659	-0.047226	-0.131419	-0.122809	0.451656
	-0.515919	0.0357379	-0.405615	0.246788	-0.219254	-0.0832512	0.229463	-0.000865754	-0.0261469	0.11166	0.184363	0.593569
	0.554634	0.0736418	-0.155345	-0.266144	-0.508044	-0.0361715	-0.232166	-0.00232932	-0.0129245	-0.120785	0.440387	0.264523
	0.34087	-0.0674128	-0.353306	-0.154866	0.50507	-0.0705417	-0.127069	0.0024489	-0.0220654	-0.0694412	-0.446247	0.499786

Correlation Matrix:
  Matrix(12x12)
	1	0.172603	-0.185465	-0.995857	-0.178583	0.203312	0.879544	0.104723	-0.0323931	0.992321	0.181747	-0.215123
	0.172603	1	-0.310135	-0.175762	-0.996078	0.309442	0.160006	0.886683	-0.264812	0.17625	0.992475	-0.310067
	-0.185465	-0.310135	1	0.212821	0.318245	-0.99812	-0.155996	-0.169125	0.936072	-0.220646	-0.323947	0.996073
	-0.995857	-0.175762	0.212821	1	0.18204	-0.232984	-0.85296	-0.108692	0.0629064	-0.999395	-0.185227	0.245191
	-0.178583	-0.996078	0.318245	0.18204	1	-0.32101	-0.161961	-0.866218	0.2568	-0.182697	-0.999304	0.32342
	0.203312	0.309442	-0.99812	-0.232984	-0.32101	1	0.160063	0.167493	-0.92448	0.24174	0.327708	-0.999546
	0.879544	0.160006	-0.155996	-0.85296	-0.161961	0.160063	1	0.114862	-0.0547487	0.836788	0.163174	-0.16533
	0.104723	0.886683	-0.169125	-0.108692	-0.866218	0.167493	0.114862	1	-0.220412	0.109179	0.849587	-0.163928
	-0.0323931	-0.264812	0.936072	0.0629064	0.2568	-0.92448	-0.0547487	-0.220412	1	-0.071024	-0.254298	0.913738
	0.992321	0.17625	-0.220646	-0.999395	-0.182697	0.24174	0.836788	0.109179	-0.071024	1	0.185926	-0.254182
	0.181747	0.992475	-0.323947	-0.185227	-0.999304	0.327708	0.163174	0.849587	-0.254298	0.185926	1	-0.330793
	-0.215123	-0.310067	0.996073	0.245191	0.32342	-0.999546	-0.16533	-0.163928	0.913738	-0.254182	-0.330793	1

