Objective Function Value:	53.4692
Standard Deviation:	0.559183
Function Evaluations:	3820
CPU Time [s]:	0.572
Evaluations/Second [1/s]:	6678.32

	Parameter	Value	Gradient	Standard Deviation
	Values[theta10].InitialValue:	7.44269e-310	336.426	0.0312839
	Values[theta11].InitialValue:	5.8589e-310	-731.123	0.029578
	Values[theta12].InitialValue:	-0.0256301	-145.106	0.0508157
	Values[theta1].InitialValue:	0.261367	9.74134	5.05916
	Values[theta2].InitialValue:	0.952008	-9.3709	4.33592
	Values[theta3].InitialValue:	0.723315	-1.94155	6.73885
	Values[theta4].InitialValue:	-0.365025	19.6884	0.350512
	Values[theta5].InitialValue:	-0.0631615	-8.20497	0.338692
	Values[theta6].InitialValue:	-0.0655999	-3.58276	0.597775
	Values[theta7].InitialValue:	0.0530398	79.3147	0.833767
	Values[theta8].InitialValue:	-0.0966745	-96.313	0.736558
	Values[theta9].InitialValue:	0.0681618	-17.8938	1.18287

File Name:	/home/marioc/Dropbox/projects/galeano/MicrobiomeBayes/javi.csv
Experiment:	Experiment
Mean:	-0.000560425
Objective Value:	53.4692
Root Mean Square:	0.540538
Row	Time	x1.ParticleNumber(Data)	x1.ParticleNumber(Fit)	x1.ParticleNumber(Weighted Error)	x2.ParticleNumber(Data)	x2.ParticleNumber(Fit)	x2.ParticleNumber(Weighted Error)	x3.ParticleNumber(Data)	x3.ParticleNumber(Fit)	x3.ParticleNumber(Weighted Error)	Objective Value	Root Mean Square

1.	0	9.43952	10	0.560476	9.49768	10	0.156678	9.50944	10	0.0313602	0.339665	0.336484
2.	0.25	5.36022	6.02788	0.667656	9.10144	8.96065	-0.0439143	11.7254	11.585	-0.00897607	0.447774	0.386339
3.	0.5	5.61783	4.50443	-1.1134	7.96583	8.49052	0.163653	16.0227	13.6441	-0.152061	1.28958	0.655636
4.	0.75	3.36312	3.70599	0.342869	7.5552	8.25387	0.217919	15.9202	16.0372	0.00748243	0.165104	0.234595
5.	1	2.96987	3.22028	0.250409	8.64969	8.13674	-0.159994	19.3557	18.6836	-0.0429675	0.0901491	0.173349
6.	1.25	4.26387	2.89814	-1.36572	8.57783	8.08727	-0.153008	21.8447	21.498	-0.0221648	1.88911	0.793538
7.	1.5	2.81094	2.67234	-0.138597	8.02062	8.07788	0.0178608	23.4827	24.3838	0.057601	0.0228461	0.087266
8.	1.75	0.945058	2.50802	1.56296	8.77435	8.09241	-0.212703	27.0121	27.2391	0.0145107	2.48829	0.910731
9.	2	1.42299	2.38526	0.962269	9.82619	8.12085	-0.531908	31.0615	29.9689	-0.0698439	1.21377	0.636073
10.	2.25	1.59174	2.29182	0.700078	7.24252	8.15678	0.285163	32.4405	32.4956	0.00352262	0.571439	0.43644
11.	2.5	3.20919	2.21974	-0.989453	5.40974	8.19601	0.869057	34.1999	34.7665	0.0362194	1.73559	0.760611
12.	2.75	2.30749	2.16361	-0.143889	8.73292	8.23581	-0.155053	35.6786	36.7549	0.0688013	0.0494789	0.128425
13.	3	2.32211	2.1196	-0.202508	7.04467	8.27445	0.383576	35.754	38.4574	0.172827	0.218009	0.269573
14.	3.25	2.01399	2.08496	0.070971	7.10695	8.31085	0.375505	40.4122	39.8885	-0.0334799	0.147161	0.221481
15.	3.5	1.33565	2.05762	0.721968	8.87248	8.34441	-0.164708	39.075	41.0734	0.127753	0.564687	0.433854
16.	3.75	3.67122	2.03602	-1.6352	7.62188	8.37485	0.234859	42.3312	42.0431	-0.018419	2.72938	0.95383
17.	4	2.37838	2.01896	-0.359418	6.75086	8.4021	0.515033	44.3794	42.8294	-0.0990875	0.404258	0.367087
18.	4.25	0	2.0055	2.0055	8.22083	8.42623	0.0640651	41.7525	43.463	0.109343	4.0381	1.16019
19.	4.5	2.58101	1.99491	-0.586097	7.96981	8.4474	0.148963	44.4941	43.971	-0.0334366	0.366818	0.349675
20.	4.75	1.4085	1.9866	0.578104	8.18345	8.46583	0.0880763	44.0165	44.3772	0.0230621	0.342493	0.337882
21.	5	0.815885	1.98011	1.16422	8.63065	8.48177	-0.0464369	43.102	44.7014	0.102246	1.36802	0.675282
22.	5.25	1.66863	1.97505	0.306424	7.94026	8.49548	0.173177	43.4801	44.9599	0.0945994	0.132835	0.210424
23.	5.5	0.863746	1.97115	1.1074	9.01809	8.50719	-0.159352	43.6527	45.166	0.0967446	1.2611	0.648356
24.	5.75	1.16409	1.96815	0.804064	8.21284	8.51715	0.0949178	44.9329	45.3304	0.0254099	0.656174	0.46768
25.	6	1.27113	1.96587	0.694733	8.82129	8.52559	-0.0922297	44.1713	45.4615	0.0824829	0.497964	0.407416
26.	6.25	0.212565	1.96415	1.75158	9.63894	8.53271	-0.345044	46.4576	45.5663	-0.0569785	3.19034	1.03124
27.	6.5	2.73997	1.96286	-0.777104	9.02626	8.53868	-0.15208	47.9801	45.65	-0.148958	0.649208	0.465191
28.	6.75	2.05828	1.96192	-0.0963622	8.31053	8.54368	0.072719	44.6822	45.717	0.0661537	0.01895	0.0794775
29.	7	0.769296	1.96124	1.19195	9.82716	8.54784	-0.399029	46.8292	45.7707	-0.0676678	1.58454	0.72676
30.	7.25	3.16356	1.96077	-1.20279	9.71037	8.5513	-0.361524	46.869	45.8137	-0.0674667	1.58196	0.726168
31.	7.5	2.33831	1.96044	-0.377867	9.30058	8.55416	-0.232813	46.4797	45.8481	-0.0403772	0.198616	0.257304
32.	7.75	1.61867	1.96023	0.341559	9.02319	8.55652	-0.145559	45.1778	45.8757	0.0446148	0.139841	0.215902
33.	8	2.81058	1.96011	-0.850473	8.186	8.55846	0.116174	46.0983	45.8979	-0.0128151	0.736965	0.495636
34.	8.25	2.79512	1.96005	-0.835078	10.2014	8.56005	-0.511935	45.9632	45.9156	-0.00304351	0.959441	0.565521
35.	8.5	2.73994	1.96003	-0.779916	8.26478	8.56135	0.0925006	46.8278	45.9299	-0.0574058	0.62012	0.45465
36.	8.75	2.60823	1.96004	-0.648186	11.0744	8.5624	-0.783527	45.9099	45.9413	0.00200537	1.03406	0.587101
37.	9	2.4746	1.96008	-0.51452	10.4397	8.56325	-0.585283	47.2737	45.9504	-0.0845994	0.614444	0.452564
38.	9.25	1.85973	1.96012	0.100387	8.68949	8.56394	-0.0391583	45.9342	45.9577	0.0015024	0.0116132	0.062218
39.	9.5	1.61654	1.96018	0.343632	7.9151	8.5645	0.202551	47.3714	45.9635	-0.0900069	0.167211	0.236087
40.	9.75	1.5428	1.96023	0.417435	8.24586	8.56494	0.0995239	45.2779	45.9681	0.0441252	0.186104	0.249067
41.	10	1.22924	1.96029	0.731052	9.22645	8.5653	-0.206217	45.0739	45.9718	0.057401	0.580257	0.439794
42.	10.25	1.71662	1.96034	0.243719	8.73485	8.56558	-0.052797	49.581	45.9747	-0.23054	0.115335	0.196074
43.	10.5	0.659675	1.9604	1.30072	8.64478	8.5658	-0.024636	45.9281	45.977	0.00313018	1.69249	0.751108
44.	10.75	4.0945	1.96044	-2.13405	8.05041	8.56597	0.160807	46.6474	45.9788	-0.0427375	4.58186	1.23583
45.	11	3.13392	1.96049	-1.17343	8.96573	8.56611	-0.124646	46.9893	45.9803	-0.0645059	1.39663	0.682308
46.	11.25	0.803212	1.96053	1.15731	8.23371	8.56622	0.103713	45.872	45.9814	0.00699021	1.35018	0.670865
47.	11.5	1.52376	1.96056	0.436801	7.35772	8.5663	0.376965	46.8753	45.9823	-0.0570917	0.336157	0.334742
48.	11.75	1.46028	1.96059	0.500315	8.65177	8.56636	-0.0266393	46.7297	45.9829	-0.0477393	0.253304	0.290576
49.	12	2.70715	1.96062	-0.746532	9.95668	8.56641	-0.433636	46.1473	45.9835	-0.010476	0.74546	0.498485
50.	12.25	1.84404	1.96064	0.1166	8.46744	8.56644	0.0308799	46.4297	45.9839	-0.0285025	0.0153616	0.0715578
51.	12.5	2.18093	1.96066	-0.220266	9.65533	8.56647	-0.339624	46.3318	45.9842	-0.022226	0.164356	0.234063
52.	12.75	1.89924	1.96068	0.0614397	7.43359	8.56649	0.353358	48.4956	45.9844	-0.160539	0.154409	0.22687
53.	13	1.88508	1.9607	0.0756218	8.9996	8.5665	-0.135087	45.627	45.9846	0.0228587	0.0244897	0.0903507
54.	13.25	3.29669	1.96071	-1.33598	9.57787	8.56651	-0.315453	45.2733	45.9847	0.045476	1.88641	0.792972
55.	13.5	1.70244	1.96072	0.258284	9.36259	8.56652	-0.2483	46.408	45.9848	-0.0270533	0.129096	0.207441
56.	13.75	3.44479	1.96073	-1.48406	9.16977	8.56652	-0.188158	46.6814	45.9848	-0.0445313	2.23981	0.864063
57.	14	0.379662	1.96074	1.58108	8.42577	8.56652	0.043902	46.8082	45.9849	-0.0526294	2.5045	0.913692
58.	14.25	2.51312	1.96075	-0.55237	8.2189	8.56652	0.108424	45.9139	45.9849	0.00454256	0.316889	0.325007
59.	14.5	2.05243	1.96075	-0.0916816	8.04639	8.56652	0.162232	45.3094	45.9849	0.0431838	0.0365894	0.110438
60.	14.75	2.14459	1.96076	-0.183832	9.18988	8.56652	-0.194432	47.6364	45.9849	-0.105574	0.082744	0.166076
61.	15	2.30835	1.96076	-0.347587	8.1263	8.56652	0.137308	46.024	45.9849	-0.00249539	0.139676	0.215775
Objective Value				48.2702			4.87106			0.327904
Root Mean Square				0.889559			0.282584			0.0733176
Weight				1			0.0972862			0.00408675

Fisher Information Matrix:
  Matrix(12x12)
	1.31096e+06	172112	-308591	30350.3	4525.35	-7038.02	62887.2	10773.2	-14446.8	257747	38059.4	-59908.7
	172112	2.38177e+06	667208	3394.77	55427.5	15348.8	5558.58	115986	31769.3	29206.2	470258	130519
	-308591	667208	1.25409e+06	-7450.51	15916.2	29361.3	-16288.3	34436.2	62045.6	-63115.7	134869	249350
	30350.3	3394.77	-7450.51	728.029	92.504	-175.006	1584.07	234.72	-371.555	6173.42	779.595	-1486.12
	4525.35	55427.5	15916.2	92.504	1333.61	377.944	153.609	2911.31	810.893	790.005	11294.4	3205.96
	-7038.02	15348.8	29361.3	-175.006	377.944	711.361	-398.181	852.139	1566.63	-1481.23	3198.47	6029.06
	62887.2	5558.58	-16288.3	1584.07	153.609	-398.181	3725	418.486	-885.136	13431	1303.31	-3372.55
	10773.2	115986	34436.2	234.72	2911.31	852.139	418.486	6730.92	1915.64	1989.59	24626.3	7209.9
	-14446.8	31769.3	62045.6	-371.555	810.893	1566.63	-885.136	1915.64	3626.89	-3143.05	6855.73	13253.9
	257747	29206.2	-63115.7	6173.42	790.005	-1481.23	13431	1989.59	-3143.05	52362.6	6659.27	-12580.1
	38059.4	470258	134869	779.595	11294.4	3198.47	1303.31	24626.3	6855.73	6659.27	95673.5	27136
	-59908.7	130519	249350	-1486.12	3205.96	6029.06	-3372.55	7209.9	13253.9	-12580.1	27136	51108.5

FIM Eigenvalues:
  Matrix(12x1)
	0.00607425
	0.0127975
	0.0183487
	4.98587
	20.2709
	23.7972
	1373.42
	2504.97
	4186.85
	761017
	1.58827e+06
	2.80543e+06

FIM Eigenvectors corresponding to Eigenvalues:
  Matrix(12x12)
	0.00155382	-0.00138833	0.00653442	0.267783	-0.252492	0.910769	0.0173786	-0.015532	0.0752671	-0.0436708	0.040628	-0.15883
	-0.00565685	-0.00118467	0.00191586	-0.945327	-0.134579	0.238508	-0.0629149	-0.0135468	0.022536	0.155434	0.0251906	-0.043335
	-0.000713974	0.00630149	0.00193192	-0.0635265	0.940556	0.278346	-0.00823415	0.0710921	0.0223177	0.0130907	-0.160299	-0.0480643
	0.00508811	-0.0089557	0.0595129	-0.00675729	0.02098	-0.155716	0.0595312	-0.103164	0.842845	-0.0395745	0.068181	-0.490744
	0.00404341	0.0601857	0.00983388	-0.00663063	-0.147996	-0.0239755	-0.0114761	0.843901	0.10076	-0.0165506	-0.495846	-0.0717898
	0.0656447	-0.0022234	-0.00301429	-0.142144	0.00439027	0.0123691	0.835649	0.0150683	-0.0642678	-0.521275	0.00659265	0.0293527
	-0.0799559	0.0716844	-0.158031	0.0408356	-0.0400477	0.0845991	0.241119	-0.171569	0.430256	0.344178	-0.30833	0.683262
	0.170853	0.0372509	-0.0736721	-0.090175	-0.0191872	0.0395334	-0.482257	-0.119365	0.19289	-0.737547	-0.164245	0.314569
	0.000721598	-0.171449	-0.0854447	-0.00188394	0.0929647	0.0436921	-0.0274371	0.474954	0.209543	-0.0234878	0.749958	0.345714
	0.509067	-0.360079	0.75557	0.0117792	-0.0076262	0.0179826	0.0243229	-0.0139005	0.0387071	0.100008	-0.0650975	0.152526
	-0.836953	-0.19738	0.469362	-0.0194224	-0.00476396	0.0109367	-0.0404012	-0.0103564	0.0230037	-0.164934	-0.0402867	0.0929258
	0.0197191	0.889782	0.409162	0.000215061	0.0207982	0.00950418	-0.000176336	0.0437853	0.0199011	0.0019723	0.176417	0.0807616

Fisher Information Matrix (scaled):
  Matrix(12x12)
	0	0	5.88659e-306	5.90396e-306	3.20644e-306	-3.78885e-306	-1.7085e-305	-5.06441e-307	7.05351e-307	1.01748e-305	-2.73844e-306	-3.03921e-306
	0	0	-1.00191e-305	5.1985e-307	3.09159e-305	6.50458e-306	-1.18878e-306	-4.29212e-306	-1.22103e-306	9.07596e-307	-2.66357e-305	5.21233e-306
	5.88659e-306	-1.00191e-305	823.817	49.91	-388.355	-544.318	-152.387	55.7465	104.319	85.8004	334.175	-435.613
	5.90396e-306	5.1985e-307	49.91	49.7337	23.0172	-33.0851	-151.129	-3.87484	6.37055	85.5812	-19.6984	-26.4756
	3.20644e-306	3.09159e-305	-388.355	23.0172	1208.68	260.253	-53.3801	-175.058	-50.6415	39.8907	-1039.48	208.037
	-3.78885e-306	6.50458e-306	-544.318	-33.0851	260.253	372.173	105.131	-38.9305	-74.3355	-56.8265	-223.657	297.248
	-1.7085e-305	-1.18878e-306	-152.387	-151.129	-53.3801	105.131	496.332	9.64841	-21.1951	-260.035	45.9919	83.9116
	-5.06441e-307	-4.29212e-306	55.7465	-3.87484	-175.058	-38.9305	9.64841	26.8521	7.93722	-6.66526	150.371	-31.0401
	7.05351e-307	-1.22103e-306	104.319	6.37055	-50.6415	-74.3355	-21.1951	7.93722	15.6078	10.9359	43.4779	-59.2635
	1.01748e-305	9.07596e-307	85.8004	85.5812	39.8907	-56.8265	-260.035	-6.66526	10.9359	147.307	-34.146	-45.4805
	-2.73844e-306	-2.66357e-305	334.175	-19.6984	-1039.48	-223.657	45.9919	150.371	43.4779	-34.146	894.161	-178.813
	-3.03921e-306	5.21233e-306	-435.613	-26.4756	208.037	297.248	83.9116	-31.0401	-59.2635	-45.4805	-178.813	237.452

FIM Eigenvalues (scaled):
  Matrix(12x1)
	0
	0
	0.00071994
	0.00937307
	0.047812
	0.0987043
	1.2723
	9.32135
	14.4232
	543.902
	1154.6
	2548.44

FIM Eigenvectors (scaled) corresponding to Eigenvalues:
  Matrix(12x12)
	0.737377	0.675481	5.92878e-310	3.37349e-307	5.26592e-308	1.61678e-309	-1.66497e-308	-7.2204e-308	3.76309e-309	-2.76335e-307	9.34752e-308	0
	0.675481	-0.737377	-8.80344e-309	-2.06922e-307	-5.87335e-308	-2.18079e-308	-1.57531e-308	6.7325e-308	-4.42857e-308	4.57352e-308	-1.0151e-307	0
	-1.30934e-308	-6.95222e-309	-0.0899252	0.0347943	-0.013155	0.426405	5.02329e-05	-0.000856693	-0.408566	-0.0201285	-0.0151487	-0.800716
	1.77456e-307	4.3631e-307	-0.0164374	-0.86135	0.0111819	-0.0243228	-0.000459948	-0.0178954	-0.0811286	0.499521	0.0161038	-0.0201659
	4.27054e-308	5.1286e-308	0.122072	-0.0683379	-0.231193	0.464027	0.00137947	-0.0243721	0.783099	0.0422754	-0.264549	-0.161381
	-1.20987e-308	1.43492e-307	-0.0440753	0.0158907	-0.614901	-0.183939	0.00852268	-0.102824	-0.287465	0.00601592	-0.697514	0.0776245
	-6.99875e-309	-1.2446e-307	-0.0897835	0.0341405	-0.0130101	-0.0741086	0.0263383	-0.976701	0.0630395	0.020557	0.149047	-0.0621405
	8.04061e-308	1.14193e-308	-0.316236	0.369223	0.0041018	-0.269562	0.45343	0.111199	0.170108	0.637247	-0.00129304	-0.194941
	-4.74558e-308	1.46207e-308	-0.544119	-0.212976	-0.000186081	-0.484131	-0.259182	0.101979	0.296602	-0.370362	-0.024958	-0.347643
	2.58541e-308	-4.85473e-309	-0.315727	0.228958	-0.17383	0.208365	-0.752881	0.021154	-0.0399644	0.393938	0.149576	0.166813
	-1.51838e-308	-9.10114e-309	-0.559218	-0.12901	-0.35757	0.375953	0.398779	0.0522658	-0.0736678	-0.222055	0.307542	0.3006
	-3.80925e-310	1.63684e-308	-0.397818	-0.00527786	0.640226	0.266716	0.0245506	-0.092859	-0.0520032	-0.00892582	-0.55064	0.213241

Correlation Matrix:
  Matrix(12x12)
	1	-0.0276228	0.158987	0.964955	-0.0961134	0.172926	0.994994	-0.0190304	0.152405	-0.982273	0.0745141	-0.169473
	-0.0276228	1	-0.226954	0.00939246	0.957453	-0.210904	-0.0358422	0.995023	-0.226661	0.00211786	-0.980485	0.218949
	0.158987	-0.226954	1	0.170026	-0.273265	0.952281	0.157922	-0.219139	0.995926	-0.167996	0.260622	-0.980069
	0.964955	0.00939246	0.170026	1	-0.0633805	0.197826	0.958709	0.0126984	0.162886	-0.996953	0.0407235	-0.189879
	-0.0961134	0.957453	-0.273265	-0.0633805	1	-0.279296	-0.0992445	0.942333	-0.267682	0.0736594	-0.995409	0.27999
	0.172926	-0.210904	0.952281	0.197826	-0.279296	1	0.173003	-0.205588	0.93283	-0.192084	0.260045	-0.993858
	0.994994	-0.0358422	0.157922	0.958709	-0.0992445	0.173003	1	-0.0287967	0.152699	-0.977422	0.0794893	-0.169338
	-0.0190304	0.995023	-0.219139	0.0126984	0.942333	-0.205588	-0.0287967	1	-0.221115	-0.0026114	-0.969584	0.212997
	0.152405	-0.226661	0.995926	0.162886	-0.267682	0.93283	0.152699	-0.221115	1	-0.161115	0.25693	-0.96668
	-0.982273	0.00211786	-0.167996	-0.996953	0.0736594	-0.192084	-0.977422	-0.0026114	-0.161115	1	-0.0513315	0.185369
	0.0745141	-0.980485	0.260622	0.0407235	-0.995409	0.260045	0.0794893	-0.969584	0.25693	-0.0513315	1	-0.262996
	-0.169473	0.218949	-0.980069	-0.189879	0.27999	-0.993858	-0.169338	0.212997	-0.96668	0.185369	-0.262996	1

