Objective Function Value:	65.8575
Standard Deviation:	0.62059
Function Evaluations:	3908
CPU Time [s]:	0.569
Evaluations/Second [1/s]:	6868.19

	Parameter	Value	Gradient	Standard Deviation
	Values[theta10].InitialValue:	0.012701	-399.574	0.086582
	Values[theta11].InitialValue:	-0.00664134	2138.98	0.0496205
	Values[theta12].InitialValue:	-0.00667475	4388.49	0.0604985
	Values[theta1].InitialValue:	-0.00170732	-15.791	11.5653
	Values[theta2].InitialValue:	1	75.0904	6.6323
	Values[theta3].InitialValue:	-0.393969	78.4132	8.0408
	Values[theta4].InitialValue:	-0.255744	-43.9212	0.209074
	Values[theta5].InitialValue:	0.055845	171.466	0.128397
	Values[theta6].InitialValue:	-0.0368132	112.599	0.172906
	Values[theta7].InitialValue:	-0.0102907	-158.474	0.865269
	Values[theta8].InitialValue:	-0.0990792	702.634	0.495939
	Values[theta9].InitialValue:	0.1	608.976	0.595901

File Name:	/home/marioc/Dropbox/projects/galeano/MicrobiomeBayes/javi.csv
Experiment:	Experiment
Mean:	0.010085
Objective Value:	65.8575
Root Mean Square:	0.599898
Row	Time	x1.ParticleNumber(Data)	x1.ParticleNumber(Fit)	x1.ParticleNumber(Weighted Error)	x2.ParticleNumber(Data)	x2.ParticleNumber(Fit)	x2.ParticleNumber(Weighted Error)	x3.ParticleNumber(Data)	x3.ParticleNumber(Fit)	x3.ParticleNumber(Weighted Error)	Objective Value	Root Mean Square

1.	0	9.43952	10	0.560476	9.49768	10	0.156678	9.50944	10	0.0313602	0.339665	0.336484
2.	0.25	5.36022	6.12672	0.766499	9.10144	10.8474	0.544572	11.7254	10.7792	-0.0604896	0.887738	0.543979
3.	0.5	5.61783	4.43028	-1.18755	7.96583	11.1774	1.00172	16.0227	12.043	-0.254417	2.47845	0.908927
4.	0.75	3.36312	3.48787	0.124752	7.5552	11.2382	1.14875	15.9202	13.6416	-0.145662	1.35641	0.672412
5.	1	2.96987	2.89645	-0.0734272	8.64969	11.1549	0.781401	19.3557	15.507	-0.246041	0.676515	0.474874
6.	1.25	4.26387	2.49775	-1.76612	8.57783	10.9954	0.754052	21.8447	17.5928	-0.271817	3.76167	1.11977
7.	1.5	2.81094	2.21692	-0.594012	8.02062	10.7969	0.865945	23.4827	19.858	-0.231722	1.15641	0.620861
8.	1.75	0.945058	2.01399	1.06893	8.77435	10.5803	0.563286	27.0121	22.2603	-0.303771	1.55219	0.719302
9.	2	1.42299	1.86564	0.442652	9.82619	10.3572	0.16564	31.0615	24.7544	-0.403193	0.385942	0.358674
10.	2.25	1.59174	1.75735	0.165612	7.24252	10.1345	0.902042	32.4405	27.2918	-0.329146	0.949444	0.562567
11.	2.5	3.20919	1.67959	-1.52961	5.40974	9.91626	1.40562	34.1999	29.8225	-0.279835	4.39377	1.2102
12.	2.75	2.30749	1.62576	-0.681734	8.73292	9.70511	0.303232	35.6786	32.2975	-0.21615	0.603432	0.448491
13.	3	2.32211	1.59114	-0.730971	7.04467	9.50299	0.766767	35.754	34.6707	-0.0692498	1.12705	0.612929
14.	3.25	2.01399	1.57216	-0.441832	7.10695	9.31141	0.687587	40.4122	36.9024	-0.224378	0.718337	0.489332
15.	3.5	1.33565	1.56601	0.23036	8.87248	9.13159	0.0808178	39.075	38.9602	-0.00733857	0.0596512	0.14101
16.	3.75	3.67122	1.57041	-2.10081	7.62188	8.96449	0.418771	42.3312	40.8213	-0.0965234	4.59811	1.23802
17.	4	2.37838	1.58338	-0.794999	6.75086	8.81085	0.642524	44.3794	42.4719	-0.121942	1.05973	0.594343
18.	4.25	0	1.60321	1.60321	8.22083	8.67112	0.14045	41.7525	43.9076	0.137767	2.60899	0.932557
19.	4.5	2.58101	1.62836	-0.952651	7.96981	8.54553	0.17957	44.4941	45.1318	0.040772	0.941451	0.560194
20.	4.75	1.4085	1.65742	0.248927	8.18345	8.43399	0.0781449	44.0165	46.1548	0.136699	0.0867582	0.170057
21.	5	0.815885	1.68915	0.873264	8.63065	8.3362	-0.091841	43.102	46.9916	0.248653	0.832852	0.526894
22.	5.25	1.66863	1.72241	0.053775	7.94026	8.25163	0.0971187	43.4801	47.6606	0.267249	0.083746	0.167079
23.	5.5	0.863746	1.75621	0.892461	9.01809	8.17954	-0.26155	43.6527	48.182	0.28955	0.948735	0.562357
24.	5.75	1.16409	1.78971	0.625624	8.21284	8.11905	-0.0292528	44.9329	48.5765	0.232925	0.446515	0.385796
25.	6	1.27113	1.82222	0.551089	8.82129	8.0692	-0.234582	44.1713	48.8642	0.300008	0.448732	0.386752
26.	6.25	0.212565	1.8532	1.64064	9.63894	8.02892	-0.502178	46.4576	49.0642	0.166635	2.97163	0.995261
27.	6.5	2.73997	1.88224	-0.857729	9.02626	7.99714	-0.32099	47.9801	49.1937	0.0775832	0.844754	0.530645
28.	6.75	2.05828	1.90907	-0.149218	8.31053	7.97279	-0.105345	44.6822	49.2682	0.293171	0.119313	0.199426
29.	7	0.769296	1.93353	1.16423	9.82716	7.95482	-0.583998	46.8292	49.3008	0.158003	1.72146	0.757509
30.	7.25	3.16356	1.95558	-1.20798	9.71037	7.94223	-0.551497	46.869	49.3027	0.155582	1.78757	0.771918
31.	7.5	2.33831	1.97523	-0.363076	9.30058	7.93412	-0.426208	46.4797	49.2833	0.17923	0.345601	0.339412
32.	7.75	1.61867	1.99259	0.373917	9.02319	7.92964	-0.341087	45.1778	49.2501	0.260332	0.323927	0.328597
33.	8	2.81058	2.00779	-0.802794	8.186	7.92805	-0.0804575	46.0983	49.209	0.198856	0.690495	0.479755
34.	8.25	2.79512	2.02099	-0.774132	10.2014	7.92867	-0.708866	45.9632	49.1644	0.204645	1.14365	0.617428
35.	8.5	2.73994	2.03239	-0.707555	8.26478	7.93096	-0.104123	46.8278	49.1199	0.146527	0.532946	0.421484
36.	8.75	2.60823	2.04217	-0.566056	11.0744	7.93441	-0.979401	45.9099	49.0778	0.202515	1.32066	0.66349
37.	9	2.4746	2.05053	-0.424063	10.4397	7.93864	-0.780104	47.2737	49.0396	0.112888	0.801136	0.516764
38.	9.25	1.85973	2.05765	0.197917	8.68949	7.94332	-0.232735	45.9342	49.0064	0.196402	0.131911	0.209691
39.	9.5	1.61654	2.0637	0.44716	7.9151	7.94819	0.0103208	47.3714	48.9787	0.102746	0.210616	0.264963
40.	9.75	1.5428	2.06884	0.526047	8.24586	7.95305	-0.0913285	45.2779	48.9564	0.235159	0.340366	0.336831
41.	10	1.22924	2.07321	0.843977	9.22645	7.95776	-0.395712	45.0739	48.9395	0.247118	0.929953	0.556763
42.	10.25	1.71662	2.07694	0.360313	8.73485	7.9622	-0.240994	49.581	48.9275	-0.0417728	0.189648	0.251428
43.	10.5	0.659675	2.08012	1.42045	8.64478	7.96632	-0.211619	45.9281	48.9201	0.191272	2.09904	0.836469
44.	10.75	4.0945	2.08286	-2.01163	8.05041	7.97006	-0.0250643	46.6474	48.9165	0.145061	4.06834	1.16452
45.	11	3.13392	2.08523	-1.04868	8.96573	7.97341	-0.309515	46.9893	48.9163	0.123188	1.21071	0.635272
46.	11.25	0.803212	2.0873	1.28409	8.23371	7.97636	-0.0802664	45.872	48.9189	0.194776	1.69327	0.751281
47.	11.5	1.52376	2.08913	0.565364	7.35772	7.97894	0.193765	46.8753	48.9236	0.130942	0.374328	0.353236
48.	11.75	1.46028	2.09074	0.630466	8.65177	7.98117	-0.209165	46.7297	48.9301	0.140664	0.461024	0.392014
49.	12	2.70715	2.0922	-0.614957	9.95668	7.98306	-0.615586	46.1473	48.9378	0.178386	0.78894	0.512816
50.	12.25	1.84404	2.09351	0.249464	8.46744	7.98465	-0.150584	46.4297	48.9463	0.160881	0.110791	0.192172
51.	12.5	2.18093	2.0947	-0.0862263	9.65533	7.98598	-0.520681	46.3318	48.9554	0.167716	0.306673	0.319725
52.	12.75	1.89924	2.0958	0.19656	7.43359	7.98708	0.172637	48.4956	48.9646	0.029981	0.0693383	0.152029
53.	13	1.88508	2.09682	0.211741	8.9996	7.98798	-0.315533	45.627	48.9739	0.213959	0.190174	0.251776
54.	13.25	3.29669	2.09776	-1.19893	9.57787	7.9887	-0.495676	45.2733	48.9829	0.237147	1.73937	0.761439
55.	13.5	1.70244	2.09863	0.396193	9.36259	7.98928	-0.428345	46.408	48.9916	0.165167	0.367729	0.350109
56.	13.75	3.44479	2.09945	-1.34534	9.16977	7.98973	-0.368061	46.6814	48.9999	0.148214	1.96738	0.809812
57.	14	0.379662	2.10021	1.72054	8.42577	7.99009	-0.13589	46.8082	49.0077	0.140609	2.99851	0.999751
58.	14.25	2.51312	2.10092	-0.412198	8.2189	7.99037	-0.0712813	45.9139	49.0149	0.19824	0.214288	0.267262
59.	14.5	2.05243	2.10158	0.0491477	8.04639	7.99058	-0.017407	45.3094	49.0215	0.237304	0.0590316	0.140275
60.	14.75	2.14459	2.1022	-0.0423891	9.18988	7.99075	-0.374019	47.6364	49.0275	0.0889324	0.149596	0.223305
61.	15	2.30835	2.10278	-0.205571	8.1263	7.99088	-0.0422396	46.024	49.033	0.192362	0.0810468	0.164364
Objective Value				48.3812			15.0906			2.38563
Root Mean Square				0.890581			0.49738			0.197759
Weight				1			0.0972862			0.00408675

Fisher Information Matrix:
  Matrix(12x12)
	3.15336e+06	2.83448e+06	3.0697e+06	70409.9	67186.5	71492.2	141516	140793	149565	592129	580226	612751
	2.83448e+06	7.57487e+06	6.94158e+06	62628.7	172253	154096	125892	350725	314514	523667	1.45977e+06	1.28997e+06
	3.0697e+06	6.94158e+06	8.59025e+06	68149.1	163617	195064	136773	339372	400669	571383	1.41031e+06	1.65222e+06
	70409.9	62628.7	68149.1	1628.08	1516.14	1620.93	3359.77	3221.13	3438.79	13921.8	13216.1	14028.1
	67186.5	172253	163617	1516.14	4112.68	3781.72	3062.1	8637.87	7818.18	12818.6	35646.7	32314.9
	71492.2	154096	195064	1620.93	3781.72	4606.87	3260.51	8083.1	9645.09	13742.2	33169.1	39764.5
	141516	125892	136773	3359.77	3062.1	3260.51	7295.85	6545.15	6959.25	29022.2	26742.2	28238.3
	140793	350725	339372	3221.13	8637.87	8083.1	6545.15	18853.4	17035	27421.1	75793.5	70030.2
	149565	314514	400669	3438.79	7818.18	9645.09	6959.25	17035	20560.2	29354.9	68892.7	83935.2
	592129	523667	571383	13921.8	12818.6	13742.2	29022.2	27421.1	29354.9	119974	112276	119529
	580226	1.45977e+06	1.41031e+06	13216.1	35646.7	33169.1	26742.2	75793.5	68892.7	112276	312060	285862
	612751	1.28997e+06	1.65222e+06	14028.1	32314.9	39764.5	28238.3	70030.2	83935.2	119529	285862	346243

FIM Eigenvalues:
  Matrix(12x1)
	0.00272436
	0.00546641
	0.0120262
	80.9919
	222.338
	435.956
	6086.64
	8053.79
	51986.8
	1.1646e+06
	1.89958e+06
	1.70228e+07

FIM Eigenvectors corresponding to Eigenvalues:
  Matrix(12x12)
	-0.00709403	-0.00131201	0.00190137	0.948088	0.175728	-0.253603	-0.0167962	-0.00303203	0.00448353	-0.0709451	-0.0131987	0.0189665
	0.00232037	-0.00357547	0.00617171	-0.307699	0.477899	-0.819159	0.00566512	-0.00863737	0.0165769	0.0228739	-0.0357579	0.0605972
	0.000138317	-0.00641101	-0.00380483	-0.0228097	0.857195	0.50867	0.000161718	-0.0162022	-0.0111378	0.00191619	-0.0639762	-0.0375786
	0.00521314	-0.0101314	0.00313537	-0.00146518	0.00438021	0.0006195	0.00705742	-0.415239	0.866152	-0.0302895	0.153326	-0.229608
	0.0107455	0.00229375	-0.00763792	-0.00437376	-0.000802718	0.0029243	0.943625	-0.140625	-0.0740763	-0.283413	0.023296	0.0568847
	0.0031282	-0.00842464	0.0134	-0.00108846	0.003917	-0.00354265	0.158864	0.869478	0.399446	-0.0543604	-0.168916	-0.165637
	-0.0375558	-0.124852	0.132882	0.0163947	0.0476735	-0.0535901	0.0838226	0.0974278	-0.23796	0.202948	0.628617	-0.671148
	0.18291	-0.0484558	0.0026857	-0.0707757	0.0201565	-0.00361059	-0.27199	0.0617379	-0.056698	-0.899708	0.258931	-0.0351441
	0.0488221	0.0980946	0.166728	-0.0119589	-0.0531974	-0.0495474	-0.0314274	-0.191487	-0.148462	-0.157769	-0.673365	-0.64557
	-0.0186529	-0.722089	0.66458	-0.000203715	-0.01296	0.0174744	-0.00054243	-0.0225726	0.0373544	-0.000702665	-0.0956179	0.158274
	-0.935197	0.216176	0.207471	-0.0210609	0.00419503	0.00340448	-0.0424564	0.00724041	0.00535954	-0.1779	0.032779	0.0234609
	0.295972	0.635659	0.685217	0.00657554	0.0147816	0.0154892	0.0132144	0.030483	0.0318171	0.0551479	0.126601	0.130879

Fisher Information Matrix (scaled):
  Matrix(12x12)
	508.685	-239.093	-260.236	-1.52681	853.335	-357.733	-459.671	99.8625	-69.9314	-77.3925	-730.159	778.255
	-239.093	334.108	307.715	0.710139	-1143.99	403.189	213.826	-130.079	76.8952	35.7895	960.555	-856.711
	-260.236	307.715	382.715	0.776622	-1092.1	512.948	233.475	-126.501	98.452	39.247	932.676	-1102.81
	-1.52681	0.710139	0.776622	0.00474575	-2.58854	1.09029	1.467	-0.307119	0.216134	0.244599	2.23563	-2.39505
	853.335	-1143.99	-1092.1	-2.58854	4112.68	-1489.88	-783.114	482.381	-287.812	-131.912	-3531.85	3231.49
	-357.733	403.189	512.948	1.09029	-1489.88	715.04	328.513	-177.838	139.885	55.714	1294.73	-1566.6
	-459.671	213.826	233.475	1.467	-783.114	328.513	477.185	-93.478	65.5197	76.3801	677.618	-722.176
	99.8625	-130.079	-126.501	-0.307119	482.381	-177.838	-93.478	58.7975	-35.0212	-15.7584	-419.371	391.083
	-69.9314	76.8952	98.452	0.216134	-287.812	139.885	65.5197	-35.0212	27.8634	11.1206	251.281	-308.992
	-77.3925	35.7895	39.247	0.244599	-131.912	55.714	76.3801	-15.7584	11.1206	12.705	114.476	-123.004
	-730.159	960.555	932.676	2.23563	-3531.85	1294.73	677.618	-419.371	251.281	114.476	3063.39	-2832.3
	778.255	-856.711	-1102.81	-2.39505	3231.49	-1566.6	-722.176	391.083	-308.992	-123.004	-2832.3	3462.43

FIM Eigenvalues (scaled):
  Matrix(12x1)
	8.3918e-09
	0.000692874
	0.00361538
	0.129509
	0.223146
	1.26729
	7.44965
	30.0061
	61.6032
	584.876
	766.323
	11703.7

FIM Eigenvectors (scaled) corresponding to Eigenvalues:
  Matrix(12x12)
	0.00100611	-0.000179978	0.000236769	0.999922	-0.000160385	-0.000537892	-0.000118483	4.73764e-05	8.65669e-05	-0.0124101	-0.000122002	-0.000160286
	-0.000656208	-0.137471	0.37675	-0.000736042	-0.121982	-0.848051	0.000339757	0.0385841	0.18419	-0.00631442	-0.0922244	-0.247245
	-0.00102598	0.641307	0.0779136	4.76328e-05	0.569332	-0.18002	0.000322454	-0.1912	0.0521533	-0.00752879	0.429024	-0.0520886
	-0.0250256	-0.0248894	-0.0485138	-0.00313023	0.030457	0.14145	0.0147308	0.25584	0.9057	-0.25666	0.0802107	0.131088
	-0.0556494	0.00863785	-0.0248087	-0.0118186	-0.00905884	-0.043321	0.099006	-0.0202575	-0.253965	-0.957355	-0.0159394	-0.0511886
	-0.0110887	-0.133616	0.0925569	-0.000636698	-0.0557827	0.0722116	-0.00269624	-0.935018	0.24162	-0.0524106	-0.149294	0.0863029
	0.00518672	0.456854	-0.657939	0.00027809	-0.228282	-0.181781	-0.010583	-0.0627468	0.116501	0.0229614	-0.413643	-0.289771
	0.67813	0.159251	0.172207	-0.000362494	-0.0668984	0.0618307	0.673166	0.0236579	0.0161794	0.0192767	-0.137243	0.06036
	0.199748	-0.514088	-0.562053	0.000202567	0.200908	-0.190227	0.214602	-0.102627	0.00692134	0.030603	0.454266	-0.198576
	-0.67581	0.0178177	-0.0671133	0.00210113	0.00156301	-0.106242	0.673255	0.00441362	-0.0201851	0.108073	-0.0269032	0.247106
	-0.147728	-0.165702	0.170123	0.000482362	0.472643	0.286398	0.148707	0.0452482	0.0617228	0.0254803	-0.359794	-0.676971
	0.133498	-0.158564	-0.169011	-0.000407698	0.580099	-0.234389	-0.123564	0.0688041	-0.0456588	-0.0208482	-0.501983	0.512357

Correlation Matrix:
  Matrix(12x12)
	1	0.16351	-0.174681	-0.999849	-0.164228	0.176194	0.982573	0.139123	-0.121201	0.999521	0.165619	-0.179956
	0.16351	1	-0.3756	-0.163188	-0.999612	0.37333	0.159733	0.953772	-0.322137	0.163129	0.998772	-0.373703
	-0.174681	-0.3756	1	0.176965	0.375304	-0.999752	-0.164513	-0.333421	0.935579	-0.178662	-0.376495	0.998952
	-0.999849	-0.163188	0.176965	1	0.163823	-0.178537	-0.981835	-0.139594	0.124857	-0.999872	-0.165119	0.182219
	-0.164228	-0.999612	0.375304	0.163823	1	-0.373483	-0.160148	-0.952269	0.317239	-0.163738	-0.999652	0.374447
	0.176194	0.37333	-0.999752	-0.178537	-0.373483	1	0.165273	0.332478	-0.934239	0.180314	0.374828	-0.999552
	0.982573	0.159733	-0.164513	-0.981835	-0.160148	0.165273	1	0.132091	-0.114065	0.979149	0.161594	-0.168424
	0.139123	0.953772	-0.333421	-0.139594	-0.952269	0.332478	0.132091	1	-0.34311	0.140245	0.945084	-0.329335
	-0.121201	-0.322137	0.935579	0.124857	0.317239	-0.934239	-0.114065	-0.34311	1	-0.127284	-0.311939	0.923925
	0.999521	0.163129	-0.178662	-0.999872	-0.163738	0.180314	0.979149	0.140245	-0.127284	1	0.164972	-0.183979
	0.165619	0.998772	-0.376495	-0.165119	-0.999652	0.374828	0.161594	0.945084	-0.311939	0.164972	1	-0.376352
	-0.179956	-0.373703	0.998952	0.182219	0.374447	-0.999552	-0.168424	-0.329335	0.923925	-0.183979	-0.376352	1

