Objective Function Value:	59.0003
Standard Deviation:	0.587394
Function Evaluations:	3866
CPU Time [s]:	0.516
Evaluations/Second [1/s]:	7492.25

	Parameter	Value	Gradient	Standard Deviation
	Values[theta10].InitialValue:	0.00665374	-182.529	0.0131613
	Values[theta11].InitialValue:	0	-1220.01	0.00756211
	Values[theta12].InitialValue:	-0.0219847	11.0061	0.0155913
	Values[theta1].InitialValue:	0.0291665	-4.08908	1.84774
	Values[theta2].InitialValue:	0.282692	12.9469	0.937416
	Values[theta3].InitialValue:	0.631753	7.20095	1.8515
	Values[theta4].InitialValue:	-0.37842	-13.5552	0.0990861
	Values[theta5].InitialValue:	0.0275208	135.126	0.0753089
	Values[theta6].InitialValue:	-0.0131494	28.9264	0.180497
	Values[theta7].InitialValue:	0.0469077	-23.3098	0.138123
	Values[theta8].InitialValue:	-0.0398609	200.958	0.0631165
	Values[theta9].InitialValue:	0.0464011	84.3347	0.12058

File Name:	/home/marioc/Dropbox/projects/galeano/MicrobiomeBayes/javi.csv
Experiment:	Experiment
Mean:	0.0372347
Objective Value:	59.0003
Root Mean Square:	0.567808
Row	Time	x1.ParticleNumber(Data)	x1.ParticleNumber(Fit)	x1.ParticleNumber(Weighted Error)	x2.ParticleNumber(Data)	x2.ParticleNumber(Fit)	x2.ParticleNumber(Weighted Error)	x3.ParticleNumber(Data)	x3.ParticleNumber(Fit)	x3.ParticleNumber(Weighted Error)	Objective Value	Root Mean Square

1.	0	9.43952	10	0.560476	9.49768	10	0.156678	9.50944	10	0.0313602	0.339665	0.336484
2.	0.25	5.36022	5.72731	0.367087	9.10144	10.2098	0.345695	11.7254	12.099	0.0238856	0.254828	0.291449
3.	0.5	5.61783	4.1979	-1.41994	7.96583	10.2321	0.706874	16.0227	14.5932	-0.0913853	2.52425	0.917287
4.	0.75	3.36312	3.42508	0.0619583	7.5552	10.18	0.818701	15.9202	17.4044	0.0948826	0.683113	0.477184
5.	1	2.96987	2.96844	-0.00142949	8.64969	10.0939	0.450472	19.3557	20.448	0.0698308	0.207803	0.263188
6.	1.25	4.26387	2.67454	-1.58933	8.57783	9.99275	0.441325	21.8447	23.6185	0.113392	2.73359	0.954566
7.	1.5	2.81094	2.47572	-0.335212	8.02062	9.88636	0.58194	23.4827	26.7961	0.211818	0.495888	0.406566
8.	1.75	0.945058	2.33731	1.39225	8.77435	9.78029	0.31376	27.0121	29.862	0.182187	2.07	0.830662
9.	2	1.42299	2.23945	0.81646	9.82619	9.67765	-0.046329	31.0615	32.7134	0.105608	0.679906	0.476062
10.	2.25	1.59174	2.16982	0.578074	7.24252	9.58019	0.729137	32.4405	35.2756	0.181239	0.898658	0.547314
11.	2.5	3.20919	2.12023	-1.08897	5.40974	9.48879	1.27229	34.1999	37.5064	0.211376	2.84924	0.974549
12.	2.75	2.30749	2.085	-0.222493	8.73292	9.4038	0.209253	35.6786	39.3946	0.237554	0.149722	0.223399
13.	3	2.32211	2.06007	-0.262042	7.04467	9.32526	0.711333	35.754	40.9533	0.332383	0.68514	0.477891
14.	3.25	2.01399	2.04246	0.0284717	7.10695	9.25299	0.669364	40.4122	42.2121	0.115059	0.462098	0.39247
15.	3.5	1.33565	2.03	0.694351	8.87248	9.18667	0.0979988	39.075	43.2088	0.264262	0.561561	0.432651
16.	3.75	3.67122	2.0211	-1.65012	7.62188	9.12594	0.469128	42.3312	43.9842	0.105671	2.95414	0.992327
17.	4	2.37838	2.0146	-0.363779	6.75086	9.07039	0.723476	44.3794	44.5772	0.0126445	0.655912	0.467587
18.	4.25	0	2.00967	2.00967	8.22083	9.01959	0.249141	41.7525	45.0232	0.209084	4.14455	1.17538
19.	4.5	2.58101	2.00573	-0.575281	7.96981	8.97316	0.312951	44.4941	45.3525	0.0548779	0.431899	0.379429
20.	4.75	1.4085	2.00237	0.593877	8.18345	8.93069	0.233069	44.0165	45.5906	0.100628	0.417137	0.372888
21.	5	0.815885	1.99934	1.18346	8.63065	8.89183	0.081463	43.102	45.7581	0.169798	1.43604	0.691867
22.	5.25	1.66863	1.99647	0.327835	7.94026	8.85624	0.285702	43.4801	45.8718	0.152892	0.212477	0.266131
23.	5.5	0.863746	1.99364	1.12989	9.01809	8.82362	-0.0606555	43.6527	45.9447	0.14652	1.3018	0.658737
24.	5.75	1.16409	1.99081	0.826718	8.21284	8.79368	0.18117	44.9329	45.987	0.0673863	0.720826	0.490179
25.	6	1.27113	1.98794	0.716809	8.82129	8.76619	-0.0171865	44.1713	46.0068	0.11734	0.52788	0.419476
26.	6.25	0.212565	1.98505	1.77248	9.63894	8.7409	-0.280107	46.4576	46.0102	-0.028604	3.22098	1.03618
27.	6.5	2.73997	1.98213	-0.757836	9.02626	8.71762	-0.0962684	47.9801	46.0017	-0.126476	0.59958	0.447057
28.	6.75	2.05828	1.9792	-0.0790797	8.31053	8.69616	0.12028	44.6822	45.985	0.0832867	0.0276575	0.0960164
29.	7	0.769296	1.97629	1.20699	9.82716	8.67636	-0.358942	46.8292	45.9628	-0.0553871	1.58873	0.72772
30.	7.25	3.16356	1.97339	-1.19016	9.71037	8.65808	-0.328218	46.869	45.9369	-0.0595854	1.52777	0.713622
31.	7.5	2.33831	1.97055	-0.367762	9.30058	8.64118	-0.205672	46.4797	45.909	-0.0364845	0.178881	0.244186
32.	7.75	1.61867	1.96776	0.349086	9.02319	8.62554	-0.124031	45.1778	45.88	0.0448902	0.13926	0.215453
33.	8	2.81058	1.96505	-0.845536	8.186	8.61106	0.13258	46.0983	45.8508	-0.015822	0.732759	0.49422
34.	8.25	2.79512	1.96242	-0.832708	10.2014	8.59764	-0.50021	45.9632	45.822	-0.00903074	0.943695	0.560861
35.	8.5	2.73994	1.95988	-0.780065	8.26478	8.58519	0.0999388	46.8278	45.7938	-0.0661018	0.622859	0.455653
36.	8.75	2.60823	1.95744	-0.650787	11.0744	8.57364	-0.78002	45.9099	45.7667	-0.00915534	1.03204	0.586526
37.	9	2.4746	1.95511	-0.51949	10.4397	8.56292	-0.585388	47.2737	45.7407	-0.0980058	0.622154	0.455395
38.	9.25	1.85973	1.95288	0.0931411	8.68949	8.55295	-0.0425871	45.9342	45.7159	-0.013952	0.0106836	0.0596758
39.	9.5	1.61654	1.95075	0.334209	7.9151	8.54369	0.19606	47.3714	45.6925	-0.107332	0.161655	0.232131
40.	9.75	1.5428	1.94873	0.405937	8.24586	8.53507	0.0902069	45.2779	45.6703	0.0250887	0.173551	0.240521
41.	10	1.22924	1.94682	0.717584	9.22645	8.52706	-0.218145	45.0739	45.6495	0.0367965	0.563869	0.433539
42.	10.25	1.71662	1.94501	0.228386	8.73485	8.5196	-0.0671394	49.581	45.6299	-0.252583	0.120466	0.200388
43.	10.5	0.659675	1.9433	1.28363	8.64478	8.51265	-0.0412142	45.9281	45.6115	-0.0202342	1.6498	0.741575
44.	10.75	4.0945	1.94169	-2.15281	8.05041	8.50618	0.142156	46.6474	45.5943	-0.0673176	4.65933	1.24624
45.	11	3.13392	1.94017	-1.19375	8.96573	8.50015	-0.145219	46.9893	45.5783	-0.0902059	1.45427	0.696244
46.	11.25	0.803212	1.93873	1.13552	8.23371	8.49454	0.0813551	45.872	45.5632	-0.0197431	1.29642	0.657373
47.	11.5	1.52376	1.93739	0.413627	7.35772	8.4893	0.352949	46.8753	45.5492	-0.0847794	0.302848	0.317725
48.	11.75	1.46028	1.93612	0.475846	8.65177	8.48442	-0.0521965	46.7297	45.536	-0.0763092	0.234977	0.279867
49.	12	2.70715	1.93494	-0.772216	9.95668	8.47987	-0.460627	46.1473	45.5238	-0.0398624	0.810084	0.519642
50.	12.25	1.84404	1.93382	0.0897787	8.46744	8.47563	0.00255401	46.4297	45.5123	-0.0586454	0.011506	0.0619301
51.	12.5	2.18093	1.93278	-0.248153	9.65533	8.47167	-0.369193	46.3318	45.5017	-0.0530706	0.2007	0.25865
52.	12.75	1.89924	1.9318	0.0325569	7.43359	8.46797	0.322631	48.4956	45.4917	-0.192035	0.142028	0.217584
53.	13	1.88508	1.93088	0.0458071	8.9996	8.46453	-0.166892	45.627	45.4824	-0.00924221	0.0300368	0.100061
54.	13.25	3.29669	1.93002	-1.36666	9.57787	8.46131	-0.348264	45.2733	45.4737	0.0128128	1.98922	0.814293
55.	13.5	1.70244	1.92922	0.226783	9.36259	8.45831	-0.282049	46.408	45.4657	-0.0602401	0.134611	0.211826
56.	13.75	3.44479	1.92847	-1.51632	9.16977	8.45551	-0.222781	46.6814	45.4581	-0.0782042	2.35497	0.885997
57.	14	0.379662	1.92776	1.5481	8.42577	8.4529	0.00846273	46.8082	45.4511	-0.0867552	2.40422	0.895213
58.	14.25	2.51312	1.92711	-0.586009	8.2189	8.45046	0.0722239	45.9139	45.4445	-0.0300052	0.349523	0.341332
59.	14.5	2.05243	1.92649	-0.125942	8.04639	8.44818	0.125321	45.3094	45.4384	0.00824263	0.0316345	0.102688
60.	14.75	2.14459	1.92592	-0.218673	9.18988	8.44605	-0.232006	47.6364	45.4326	-0.140882	0.121492	0.20124
61.	15	2.30835	1.92538	-0.38297	8.1263	8.44407	0.0991145	46.024	45.4273	-0.0381448	0.157944	0.229452
Objective Value				49.0403			9.10989			0.850124
Root Mean Square				0.896627			0.386448			0.118053
Weight				1			0.0972862			0.00408675

Fisher Information Matrix:
  Matrix(12x12)
	1.5653e+06	2.57779e+06	497471	36180.3	61943.5	11753.3	74914.3	135655	25230.1	319122	553657	104327
	2.57779e+06	1.48166e+07	2.37508e+06	59244.2	348478	54371.5	122305	742551	112061	521075	3.09056e+06	476599
	497471	2.37508e+06	1.86228e+06	11489.2	57530	43363.8	23838.5	127184	90993.9	101360	515582	382971
	36180.3	59244.2	11489.2	856.872	1442.5	275.183	1834.4	3215.5	601.917	7612.55	12940.7	2452.66
	61943.5	348478	57530	1442.5	8333.39	1338.36	3024.07	18131.7	2811.77	12752.9	74294	11807.3
	11753.3	54371.5	43363.8	275.183	1338.36	1035.7	578.817	3020.87	2241.04	2440.69	12045.6	9219.56
	74914.3	122305	23838.5	1834.4	3024.07	578.817	4142.94	6886.43	1290.96	16438.6	27241.9	5180.1
	135655	742551	127184	3215.5	18131.7	3020.87	6886.43	40534.7	6504.25	28607.6	162645	26854.3
	25230.1	112061	90993.9	601.917	2811.77	2241.04	1290.96	6504.25	5033.89	5374.36	25433.4	20128.1
	319122	521075	101360	7612.55	12752.9	2440.69	16438.6	28607.6	5374.36	67798.3	114587	21792.3
	553657	3.09056e+06	515582	12940.7	74294	12045.6	27241.9	162645	25433.4	114587	663547	106469
	104327	476599	382971	2452.66	11807.3	9219.56	5180.1	26854.3	20128.1	21792.3	106469	82298.8

FIM Eigenvalues:
  Matrix(12x1)
	0.0977891
	0.0996891
	0.438018
	17.6449
	48.3011
	112.534
	2647.38
	3359.67
	21801.3
	1.12179e+06
	1.50973e+06
	1.64583e+07

FIM Eigenvectors corresponding to Eigenvalues:
  Matrix(12x12)
	0.00337572	-0.00107567	0.00687379	-0.501287	0.184863	-0.840691	0.0155915	-0.00331217	0.0603929	0.0366203	-0.0148892	0.0474535
	-0.00580288	0.000156446	0.00388542	0.852488	-0.0345185	-0.515213	-0.0296978	-0.000329377	0.0297792	-0.0612618	0.00323045	0.0323694
	0.000620956	0.00785803	0.000695083	-0.124683	-0.978395	-0.140875	-0.00161121	0.060097	0.000448757	0.011313	0.058259	0.0123556
	0.00258922	-0.00386183	0.0312302	0.00420439	-0.0128878	0.0391262	0.0158749	-0.0710213	0.921668	-0.0172202	0.0368376	-0.375322
	0.037576	-0.00655524	-0.00336298	0.000205358	-0.00997901	-0.00398307	0.90319	-0.140719	-0.0271334	-0.396506	0.0662368	0.0228692
	-0.0127749	-0.0303802	-0.00746304	-0.00478722	-0.0307953	-0.00670407	-0.131087	-0.91106	-0.060031	0.0935172	0.368316	0.0512045
	0.197902	-0.0304579	-0.0217559	-0.0756253	0.0101763	0.00678237	-0.399957	0.0262716	0.0242852	-0.874348	0.139852	0.0909695
	-0.0148111	0.0413588	-0.200067	0.00516007	-0.0128793	0.0750073	0.0224036	-0.044772	0.367352	0.0614467	-0.181919	0.881987
	0.0464222	0.197667	0.0497459	-0.0113159	-0.0733344	-0.0126989	-0.0546863	-0.36947	-0.0614852	-0.141559	-0.87293	-0.159076
	-0.956583	0.159173	0.132096	-0.0222017	0.00277107	0.00279163	-0.0461383	0.00317815	0.00505983	-0.196146	0.0213974	0.0236737
	0.0998425	-0.191866	0.953936	0.00235202	-0.00330737	0.0223867	0.00496472	-0.00371628	0.0473865	0.0209717	-0.0254716	0.198329
	0.178365	0.946096	0.16875	0.00410579	0.022307	0.00387914	0.00848893	0.0476848	0.00803406	0.0361378	0.198005	0.0340625

Fisher Information Matrix (scaled):
  Matrix(12x12)
	69.2993	0	-72.7702	7.02138	116.513	49.4053	-188.627	24.8407	-2.20745	99.6017	-146.843	32.2101
	0	0	0	0	0	0	0	0	0	0	0	0
	-72.7702	0	900.09	-7.36706	-357.542	-602.275	198.323	-76.9512	26.305	-104.528	451.819	-390.674
	7.02138	0	-7.36706	0.728927	11.8936	5.07052	-20.2465	2.58104	-0.230848	10.415	-15.0449	3.31932
	116.513	0	-357.542	11.8936	665.959	239.02	-323.503	141.063	-10.452	169.109	-837.171	154.879
	49.4053	0	-602.275	5.07052	239.02	413.361	-138.377	52.5221	-18.6167	72.3277	-303.336	270.263
	-188.627	0	198.323	-20.2465	-323.503	-138.377	593.275	-71.7182	6.42381	-291.799	410.922	-90.958
	24.8407	0	-76.9512	2.58104	141.063	52.5221	-71.7182	30.7008	-2.35377	36.9307	-178.423	34.2929
	-2.20745	0	26.305	-0.230848	-10.452	-18.6167	6.42381	-2.35377	0.870392	-3.31495	13.3308	-12.2811
	99.6017	0	-104.528	10.415	169.109	72.3277	-291.799	36.9307	-3.31495	149.179	-214.253	47.4324
	-146.843	0	451.819	-15.0449	-837.171	-303.336	410.922	-178.423	13.3308	-214.253	1054.31	-196.924
	32.2101	0	-390.674	3.31932	154.879	270.263	-90.958	34.2929	-12.2811	47.4324	-196.924	177.195

FIM Eigenvalues (scaled):
  Matrix(12x1)
	0
	8.68372e-05
	0.00185599
	0.0320397
	0.110832
	0.358026
	1.02245
	9.95603
	12.2776
	485.599
	921.311
	2624.3

FIM Eigenvectors (scaled) corresponding to Eigenvalues:
  Matrix(12x12)
	0	1	0	0	0	0	0	0	0	0	0	0
	0.0295796	0	-7.47245e-05	-0.998483	0.00440953	0.000991482	-0.00255275	0.00451995	-0.00780732	0.0449919	0.00427723	-0.00222035
	-0.00101589	0	0.0446437	-0.00750926	-0.00470958	0.151452	-0.000623294	-0.00728932	0.985279	0.000184454	-0.00497151	-0.0643243
	0.0149791	0	0.0967845	0.00139438	-0.126384	0.615335	-0.00383721	-0.128986	-0.149167	-0.0177617	-0.122211	-0.735964
	-0.00904067	0	0.0102521	0.00924891	0.421292	0.125578	0.0160391	0.749733	-0.0209738	0.0367902	0.461625	-0.170945
	0.593652	0	0.000710733	-0.0157724	-0.140066	-0.0148171	-0.177091	0.183778	0.00454706	-0.745209	-0.0804433	0.0229463
	-0.0858489	0	-0.076752	0.00528337	-0.631583	-0.0964491	0.0867938	0.599134	0.0156151	0.221715	-0.402046	-0.0312224
	-0.536243	0	-0.423131	-0.0307731	0.0165588	-0.371655	-0.350189	-0.00994637	0.0506399	-0.353682	0.00395848	-0.379015
	0.527273	0	-0.446538	0.0283979	0.0715473	-0.396773	0.301694	-0.108037	0.0556697	0.296897	0.0571017	-0.402533
	0.230306	0	-0.0669567	0.02516	-0.303534	0.0569248	-0.75408	-0.0588531	-0.00324421	0.364271	0.374295	0.0396078
	-0.0982279	0	-0.631982	-0.0104297	-0.288277	0.427672	0.300469	-0.0606203	-0.0188908	-0.149847	0.361284	0.278459
	0.103741	0	-0.447573	0.0107233	0.45536	0.302378	-0.29708	0.0976948	-0.0133841	0.153058	-0.57438	0.196717

Correlation Matrix:
  Matrix(12x12)
	1	-0.136912	0.0239258	-0.952134	0.195714	0.0109492	0.781663	-0.00872585	0.0686982	0.846286	-0.247106	-0.0585085
	-0.136912	1	-0.18513	0.113991	-0.955365	0.145546	-0.153478	0.842412	-0.199112	-0.0839594	0.784904	-0.0665822
	0.0239258	-0.18513	1	-0.0263522	0.237886	-0.948206	-0.0197316	-0.0599957	0.860861	0.0318004	-0.275021	0.714661
	-0.952134	0.113991	-0.0263522	1	-0.192092	-0.00566351	-0.628307	-0.00724986	-0.0567302	-0.966361	0.258445	0.0463635
	0.195714	-0.955365	0.237886	-0.192092	1	-0.217921	0.160445	-0.6845	0.208408	0.173841	-0.930335	0.156144
	0.0109492	0.145546	-0.948206	-0.00566351	-0.217921	1	0.0374831	0.0266162	-0.692958	-0.0025106	0.273463	-0.896428
	0.781663	-0.153478	-0.0197316	-0.628307	0.160445	0.0374831	1	-0.105808	0.0221231	0.419537	-0.150508	-0.0606316
	-0.00872585	0.842412	-0.0599957	-0.00724986	-0.6845	0.0266162	-0.105808	1	-0.13277	0.0323248	0.376186	0.0380852
	0.0686982	-0.199112	0.860861	-0.0567302	0.208408	-0.692958	0.0221231	-0.13277	1	0.0498211	-0.196748	0.308205
	0.846286	-0.0839594	0.0318004	-0.966361	0.173841	-0.0025106	0.419537	0.0323248	0.0498211	1	-0.252257	-0.0330235
	-0.247106	0.784904	-0.275021	0.258445	-0.930335	0.273463	-0.150508	0.376186	-0.196748	-0.252257	1	-0.233664
	-0.0585085	-0.0665822	0.714661	0.0463635	0.156144	-0.896428	-0.0606316	0.0380852	0.308205	-0.0330235	-0.233664	1

