Objective Function Value:	54.8312
Standard Deviation:	0.56626
Function Evaluations:	3784
CPU Time [s]:	0.475
Evaluations/Second [1/s]:	7966.32

	Parameter	Value	Gradient	Standard Deviation
	Values[theta10].InitialValue:	-0.00484006	-97.7938	0.0157042
	Values[theta11].InitialValue:	0	477.578	0.0112395
	Values[theta12].InitialValue:	-0.0168289	-418.143	0.025206
	Values[theta1].InitialValue:	0.712695	-0.589428	2.78995
	Values[theta2].InitialValue:	0.463493	27.5492	1.23141
	Values[theta3].InitialValue:	-0.313169	-6.81399	2.75069
	Values[theta4].InitialValue:	-0.434374	-4.70531	0.193745
	Values[theta5].InitialValue:	-0.0387077	98.6659	0.14223
	Values[theta6].InitialValue:	0.1	-2.37398	0.322766
	Values[theta7].InitialValue:	0.0389978	-11.5321	0.412061
	Values[theta8].InitialValue:	-0.0433848	204.632	0.208499
	Values[theta9].InitialValue:	0.1	-50.498	0.468894

File Name:	/home/marioc/Dropbox/projects/galeano/MicrobiomeBayes/javi.csv
Experiment:	Experiment
Mean:	0.0367639
Objective Value:	54.8312
Root Mean Square:	0.547379
Row	Time	x1.ParticleNumber(Data)	x1.ParticleNumber(Fit)	x1.ParticleNumber(Weighted Error)	x2.ParticleNumber(Data)	x2.ParticleNumber(Fit)	x2.ParticleNumber(Weighted Error)	x3.ParticleNumber(Data)	x3.ParticleNumber(Fit)	x3.ParticleNumber(Weighted Error)	Objective Value	Root Mean Square

1.	0	9.43952	10	0.560476	9.49768	10	0.156678	9.50944	10	0.0313602	0.339665	0.336484
2.	0.25	5.36022	5.77915	0.41893	9.10144	9.40988	0.0962048	11.7254	13.4908	0.112859	0.197495	0.256577
3.	0.5	5.61783	4.33105	-1.28679	7.96583	9.10993	0.356851	16.0227	16.6977	0.0431486	1.78503	0.771368
4.	0.75	3.36312	3.60607	0.242951	7.5552	8.93	0.42881	15.9202	19.7646	0.245768	0.303305	0.317965
5.	1	2.96987	3.17455	0.204675	8.64969	8.81498	0.0515539	19.3557	22.6982	0.213676	0.0902072	0.173404
6.	1.25	4.26387	2.89039	-1.37348	8.57783	8.73986	0.050539	21.8447	25.4714	0.231845	1.94274	0.804724
7.	1.5	2.81094	2.69039	-0.120551	8.02062	8.69116	0.209148	23.4827	28.0522	0.292114	0.143606	0.218789
8.	1.75	0.945058	2.54281	1.59775	8.77435	8.66079	-0.0354213	27.0121	30.4139	0.217465	2.60136	0.931192
9.	2	1.42299	2.43008	1.00709	9.82619	8.6435	-0.368889	31.0615	32.5401	0.0945272	1.15925	0.621623
10.	2.25	1.59174	2.3417	0.749958	7.24252	8.63574	0.434556	32.4405	34.4258	0.126911	0.767383	0.505761
11.	2.5	3.20919	2.27104	-0.938148	5.40974	8.63498	1.00598	34.1999	36.0758	0.119923	1.90649	0.797181
12.	2.75	2.30749	2.21373	-0.0937684	8.73292	8.63935	-0.0291839	35.6786	37.5033	0.116649	0.0232511	0.0880362
13.	3	2.32211	2.16672	-0.155387	7.04467	8.64748	0.499929	35.754	38.7266	0.190033	0.310187	0.321552
14.	3.25	2.01399	2.12788	0.113889	7.10695	8.65831	0.483879	40.4122	39.7671	-0.0412442	0.248811	0.287988
15.	3.5	1.33565	2.0956	0.759947	8.87248	8.67101	-0.0628413	39.075	40.6471	0.100501	0.591568	0.44406
16.	3.75	3.67122	2.06868	-1.60254	7.62188	8.68494	0.331578	42.3312	41.3888	-0.0602439	2.68172	0.945466
17.	4	2.37838	2.04617	-0.332204	6.75086	8.69963	0.607833	44.3794	42.0126	-0.151305	0.502714	0.409355
18.	4.25	0	2.02734	2.02734	8.22083	8.71466	0.154031	41.7525	42.5371	0.0501532	4.13635	1.17422
19.	4.5	2.58101	2.01157	-0.569438	7.96981	8.72976	0.237033	44.4941	42.9786	-0.0968821	0.389831	0.360477
20.	4.75	1.4085	1.99837	0.58987	8.18345	8.74467	0.17505	44.0165	43.3512	-0.0425331	0.380399	0.356089
21.	5	0.815885	1.98732	1.17144	8.63065	8.75924	0.0401075	43.102	43.6668	0.036103	1.37517	0.677046
22.	5.25	1.66863	1.97809	0.309455	7.94026	8.77333	0.25984	43.4801	43.9355	0.0291072	0.164127	0.233899
23.	5.5	0.863746	1.97037	1.10663	9.01809	8.78684	-0.0721284	43.6527	44.1655	0.0327811	1.2309	0.640547
24.	5.75	1.16409	1.96394	0.799854	8.21284	8.79971	0.183048	44.9329	44.3636	-0.0363933	0.674598	0.4742
25.	6	1.27113	1.95858	0.687447	8.82129	8.8119	-0.00292722	44.1713	44.5355	0.0232812	0.473135	0.397129
26.	6.25	0.212565	1.95412	1.74156	9.63894	8.8234	-0.254374	46.4576	44.6855	-0.113283	3.11056	1.01826
27.	6.5	2.73997	1.95041	-0.789553	9.02626	8.83419	-0.0599084	47.9801	44.8175	-0.20218	0.66786	0.471826
28.	6.75	2.05828	1.94734	-0.110948	8.31053	8.84428	0.16648	44.6822	44.9343	0.0161167	0.0402849	0.115881
29.	7	0.769296	1.94478	1.17548	9.82716	8.85369	-0.303632	46.8292	45.0383	-0.114484	1.48706	0.70405
30.	7.25	3.16356	1.94266	-1.2209	9.71037	8.86244	-0.264478	46.869	45.1315	-0.111073	1.57288	0.724081
31.	7.5	2.33831	1.9409	-0.397408	9.30058	8.87055	-0.13413	46.4797	45.2154	-0.0808229	0.182456	0.246615
32.	7.75	1.61867	1.93944	0.320768	9.02319	8.87805	-0.0452714	45.1778	45.2913	0.00725316	0.104994	0.187078
33.	8	2.81058	1.93823	-0.872351	8.186	8.88498	0.218018	46.0983	45.3602	-0.0471902	0.810756	0.519858
34.	8.25	2.79512	1.93722	-0.8579	10.2014	8.89137	-0.408594	45.9632	45.4229	-0.0345447	0.904135	0.548979
35.	8.5	2.73994	1.93639	-0.803557	8.26478	8.89725	0.197271	46.8278	45.4801	-0.0861563	0.692043	0.480293
36.	8.75	2.60823	1.93569	-0.672538	11.0744	8.90265	-0.677399	45.9099	45.5325	-0.0241247	0.911759	0.551289
37.	9	2.4746	1.93511	-0.539488	10.4397	8.90762	-0.477874	47.2737	45.5805	-0.108244	0.531128	0.420764
38.	9.25	1.85973	1.93462	0.0748839	8.68949	8.91217	0.0694557	45.9342	45.6246	-0.0197925	0.0108234	0.060065
39.	9.5	1.61654	1.93421	0.317664	7.9151	8.91634	0.312293	47.3714	45.665	-0.109088	0.210338	0.264788
40.	9.75	1.5428	1.93386	0.391063	8.24586	8.92016	0.210319	45.2779	45.7022	0.0271232	0.1979	0.25684
41.	10	1.22924	1.93357	0.70433	9.22645	8.92365	-0.0944428	45.0739	45.7363	0.0423461	0.506793	0.411012
42.	10.25	1.71662	1.93332	0.216692	8.73485	8.92685	0.0598868	49.581	45.7677	-0.243775	0.109968	0.191458
43.	10.5	0.659675	1.9331	1.27343	8.64478	8.92977	0.0888898	45.9281	45.7965	-0.00840973	1.62959	0.737018
44.	10.75	4.0945	1.93292	-2.16158	8.05041	8.93244	0.275111	46.6474	45.823	-0.0526997	4.75089	1.25842
45.	11	3.13392	1.93276	-1.20116	8.96573	8.93488	-0.00962417	46.9893	45.8473	-0.0730039	1.44821	0.694792
46.	11.25	0.803212	1.93262	1.1294	8.23371	8.9371	0.219395	45.872	45.8697	-0.000150761	1.32369	0.664251
47.	11.5	1.52376	1.9325	0.408735	7.35772	8.93913	0.493255	46.8753	45.8902	-0.0629773	0.414331	0.371632
48.	11.75	1.46028	1.93239	0.472111	8.65177	8.94099	0.0902099	46.7297	45.909	-0.052465	0.233779	0.279153
49.	12	2.70715	1.93229	-0.774859	9.95668	8.94268	-0.316274	46.1473	45.9263	-0.0141317	0.700636	0.483265
50.	12.25	1.84404	1.93221	0.0881653	8.46744	8.94422	0.148712	46.4297	45.9421	-0.0311719	0.0308599	0.101423
51.	12.5	2.18093	1.93213	-0.248797	9.65533	8.94562	-0.221362	46.3318	45.9566	-0.023988	0.111477	0.192767
52.	12.75	1.89924	1.93207	0.0328235	7.43359	8.94691	0.472014	48.4956	45.9699	-0.161466	0.249946	0.288644
53.	13	1.88508	1.93201	0.0469297	8.9996	8.94807	-0.0160709	45.627	45.982	0.0226975	0.00297584	0.0314952
54.	13.25	3.29669	1.93195	-1.36474	9.57787	8.94914	-0.196107	45.2733	45.9932	0.0460181	1.90308	0.796468
55.	13.5	1.70244	1.9319	0.229463	9.36259	8.95011	-0.128654	46.408	46.0033	-0.0258671	0.0698743	0.152615
56.	13.75	3.44479	1.93186	-1.51293	9.16977	8.951	-0.0682356	46.6814	46.0127	-0.0427535	2.29545	0.874728
57.	14	0.379662	1.93181	1.55215	8.42577	8.9518	0.164075	46.8082	46.0212	-0.0503102	2.43863	0.901597
58.	14.25	2.51312	1.93178	-0.581338	8.2189	8.95254	0.228827	45.9139	46.0289	0.00735708	0.390369	0.360726
59.	14.5	2.05243	1.93174	-0.120689	8.04639	8.95321	0.282843	45.3094	46.0361	0.0464516	0.0967239	0.179559
60.	14.75	2.14459	1.93171	-0.212875	9.18988	8.95382	-0.0736293	47.6364	46.0425	-0.101892	0.0611191	0.142734
61.	15	2.30835	1.93168	-0.376662	8.1263	8.95438	0.258284	46.024	46.0485	0.00156539	0.208588	0.263684
Objective Value				48.7653			5.36526			0.700644
Root Mean Square				0.894109			0.296572			0.107173
Weight				1			0.0972862			0.00408675

Fisher Information Matrix:
  Matrix(12x12)
	917890	-120468	-89702.4	21373	-2137.54	-2093.92	44217.2	-2537.7	-4474.4	189164	-19156.6	-18619.7
	-120468	1.85487e+07	5.30546e+06	-4256.61	441472	121910	-13086.8	947447	249967	-37057	3.90071e+06	1.08111e+06
	-89702.4	5.30546e+06	2.73475e+06	-2294.2	130196	64462	-5416.36	291450	136643	-20231.8	1.1494e+06	570802
	21373	-4256.61	-2294.2	512.506	-82.7273	-52.1248	1110.45	-118.272	-107.673	4536.09	-733.24	-463.72
	-2137.54	441472	130196	-82.7273	10684.5	3039.79	-275.416	23469.7	6363.21	-721.929	94370	26929.7
	-2093.92	121910	64462	-52.1248	3039.79	1552.68	-117.68	6964.34	3391.52	-458.956	26837.8	13742
	44217.2	-13086.8	-5416.36	1110.45	-275.416	-117.68	2605.83	-452.027	-225.875	9843.17	-2424.82	-1045.97
	-2537.7	947447	291450	-118.272	23469.7	6964.34	-452.027	53266	15023.6	-1035.85	207250	61628
	-4474.4	249967	136643	-107.673	6363.21	3391.52	-225.875	15023.6	7721.42	-945.048	56195.4	30008.4
	189164	-37057	-20231.8	4536.09	-721.929	-458.956	9843.17	-1035.85	-945.048	40156	-6397.72	-4082.32
	-19156.6	3.90071e+06	1.1494e+06	-733.24	94370	26837.8	-2424.82	207250	56195.4	-6397.72	833569	237769
	-18619.7	1.08111e+06	570802	-463.72	26929.7	13742	-1045.97	61628	30008.4	-4082.32	237769	121635

FIM Eigenvalues:
  Matrix(12x1)
	0.0390064
	0.0407471
	0.253255
	4.46732
	14.4715
	25.8631
	1548.54
	1963.86
	17426.5
	946242
	1.18466e+06
	2.11211e+07

FIM Eigenvectors corresponding to Eigenvalues:
  Matrix(12x12)
	-0.00198748	-0.000464889	0.00567652	-0.536887	-0.184843	0.804348	-0.0259912	-0.00672645	0.0716922	0.0764018	0.0247575	-0.135141
	-0.00349718	-0.000382844	-0.00273763	-0.82941	0.0958352	-0.527519	-0.0448034	-0.00339464	-0.0354204	0.121128	-0.00822498	0.0811489
	0.00131162	-0.00747536	0.00198127	0.0199338	-0.958274	-0.211466	0.0149062	-0.0901425	0.02134	-0.0120719	0.165818	0.00946576
	-0.0053243	-0.00748592	0.064279	0.018525	0.0601808	-0.139738	-0.0464651	-0.0809834	0.845698	0.0345618	0.0483694	-0.494808
	0.0689768	0.00124161	0.00608436	-0.119275	0.0140882	-0.010066	0.840845	0.0346284	0.0483173	-0.517968	-0.0160697	-0.0396764
	-0.00135	-0.0617753	-0.0149195	0.00127843	0.156302	0.0362952	0.0471747	-0.850821	-0.062492	-0.00470298	0.48303	0.0827215
	0.192154	0.00988008	-0.0421139	-0.0893086	-0.00326952	0.0201397	-0.516687	-0.0390785	0.118154	-0.797656	-0.0413938	0.179979
	-0.0417025	0.0601165	-0.185347	0.0191243	-0.0353026	0.0858223	0.128391	-0.10128	0.485466	0.181142	-0.251456	0.76997
	0.0108537	0.184761	0.0888773	-0.000859088	-0.0913244	-0.0273632	-0.00175148	-0.496013	-0.138965	-0.00560528	-0.794323	-0.228984
	0.952282	-0.0612116	0.213615	0.0222505	0.000272046	0.00528018	0.0462625	0.00571375	0.0117609	0.196911	0.00189778	0.0465654
	-0.222536	-0.284623	0.908152	-0.00499316	-0.00373534	0.0222207	-0.00982389	0.00137163	0.0493284	-0.0442835	-0.0337245	0.196377
	-0.00711154	0.934593	0.284897	-0.000235544	0.0223168	0.00657488	-0.00069511	0.0481187	0.01356	-0.00205548	0.197168	0.058292

Fisher Information Matrix (scaled):
  Matrix(12x12)
	21.5027	0	-7.30652	-73.7258	4.79522	-3.17387	92.9621	-0.475432	2.16564	-35.705	-4.0226	9.01203
	0	0	0	0	0	0	0	0	0	0	0	0
	-7.30652	0	774.515	27.5164	-1015.54	339.733	-39.5939	189.853	-229.955	13.2779	839.196	-960.597
	-73.7258	0	27.5164	260.319	-27.3272	11.6339	-343.768	3.26273	-7.67377	126.074	22.6719	-33.0491
	4.79522	0	-1015.54	-27.3272	2295.3	-441.231	55.4493	-421.064	294.93	-13.049	-1897.65	1248.17
	-3.17387	0	339.733	11.6339	-441.231	152.279	-16.0083	84.4221	-106.212	5.60518	364.639	-430.357
	92.9621	0	-39.5939	-343.768	55.4493	-16.0083	491.671	-7.60021	9.81144	-166.74	-45.6963	45.4342
	-0.475432	0	189.853	3.26273	-421.064	84.4221	-7.60021	79.8077	-58.1529	1.56363	348.04	-238.548
	2.16564	0	-229.955	-7.67377	294.93	-106.212	9.81144	-58.1529	77.2142	-3.68548	-243.803	300.084
	-35.705	0	13.2779	126.074	-13.049	5.60518	-166.74	1.56363	-3.68548	61.0703	10.8244	-15.9201
	-4.0226	0	839.196	22.6719	-1897.65	364.639	-45.6963	348.04	-243.803	10.8244	1568.98	-1031.56
	9.01203	0	-960.597	-33.0491	1248.17	-430.357	45.4342	-238.548	300.084	-15.9201	-1031.56	1216.35

FIM Eigenvalues (scaled):
  Matrix(12x1)
	0
	0.00242519
	0.00297722
	0.0439675
	0.0591096
	0.0906737
	1.39085
	15.1176
	17.4447
	685.569
	818.09
	5461.2

FIM Eigenvectors (scaled) corresponding to Eigenvalues:
  Matrix(12x12)
	0	-1	0	0	0	0	0	0	0	0	0	0
	-0.238359	0	0.0156462	0.32894	-0.0104161	0.0468046	-0.0336629	0.00235947	-0.0322046	-0.910346	-0.013198	0.0368658
	0.0234728	0	0.109945	-0.0163339	0.112177	0.838003	0.00309849	-0.0096401	-0.235367	0.0557007	0.137772	0.441223
	-0.151978	0	0.256305	-0.0842352	-0.42206	-0.203853	-0.0134709	0.00238916	-0.587506	0.047966	-0.51064	0.275717
	-0.0828907	0	-0.242719	-0.0391689	-0.456146	0.406471	-0.00708394	-0.0939271	0.490352	0.0130124	-0.53041	-0.169038
	0.874282	0	0.0301701	0.421236	-0.117666	-0.00634826	0.104169	0.0331031	-0.048704	-0.0736738	-0.150042	0.0337003
	0.0428514	0	-0.167385	0.00920475	-0.0637663	-0.00812553	-0.00181097	-0.948407	-0.200153	-0.0115342	0.130913	-0.0954855
	0.132406	0	-0.652301	-0.235376	0.0175429	0.12642	-0.241849	0.253292	-0.488957	-0.111037	-0.013195	-0.333242
	-0.324467	0	-0.276071	0.58288	0.0035779	0.0487861	0.57959	0.091184	-0.199491	0.273697	0.00867525	-0.131692
	-0.0205046	0	-0.463177	0.0838585	-0.422859	-0.218152	-0.134377	0.0639294	0.16178	0.0405936	0.350289	0.615587
	0.152388	0	-0.0721777	-0.550499	-0.0855556	-0.0320182	0.758214	0.0180303	0.0224265	-0.266863	0.0708836	0.0906507
	0.00276466	0	-0.335678	-0.0120698	0.629876	-0.147315	0.0202307	-0.116698	0.0998657	-0.00579891	-0.520701	0.416603

Correlation Matrix:
  Matrix(12x12)
	1	0.0653094	-0.0745503	0.717517	-0.0627158	0.0245967	0.973849	0.0675016	-0.0804969	-0.840573	0.0140527	0.0162082
	0.0653094	1	-0.200547	0.138648	0.674481	0.0182629	0.0483975	0.989898	-0.212235	-0.123448	-0.870891	0.0741801
	-0.0745503	-0.200547	1	-0.100472	-0.413748	0.688149	-0.0653969	-0.188524	0.991439	0.0979537	0.359007	-0.876506
	0.717517	0.138648	-0.100472	1	0.0483622	-0.0146467	0.749695	0.12438	-0.0929402	-0.980015	-0.0881609	0.0508146
	-0.0627158	0.674481	-0.413748	0.0483622	1	-0.402689	-0.051253	0.656851	-0.397515	-0.0199409	-0.949814	0.438284
	0.0245967	0.0182629	0.688149	-0.0146467	-0.402689	1	0.0195889	-0.0148991	0.683516	0.00472029	0.267087	-0.952054
	0.973849	0.0483975	-0.0653969	0.749695	-0.051253	0.0195889	1	0.04908	-0.0701393	-0.863494	0.0138791	0.0153921
	0.0675016	0.989898	-0.188524	0.12438	0.656851	-0.0148991	0.04908	1	-0.210879	-0.113087	-0.858244	0.092749
	-0.0804969	-0.212235	0.991439	-0.0929402	-0.397515	0.683516	-0.0701393	-0.210879	1	0.0938377	0.354984	-0.872742
	-0.840573	-0.123448	0.0979537	-0.980015	-0.0199409	0.00472029	-0.863494	-0.113087	0.0938377	1	0.0634411	-0.0437575
	0.0140527	-0.870891	0.359007	-0.0881609	-0.949814	0.267087	0.0138791	-0.858244	0.354984	0.0634411	1	-0.327388
	0.0162082	0.0741801	-0.876506	0.0508146	0.438284	-0.952054	0.0153921	0.092749	-0.872742	-0.0437575	-0.327388	1

