Objective Function Value:	53.796
Standard Deviation:	0.560889
Function Evaluations:	3826
CPU Time [s]:	0.401
Evaluations/Second [1/s]:	9541.15

	Parameter	Value	Gradient	Standard Deviation
	Values[theta10].InitialValue:	0.0154119	2276.92	0.00491238
	Values[theta11].InitialValue:	-0.00179401	1146.15	0.00256666
	Values[theta12].InitialValue:	-0.0225292	564.704	0.0069371
	Values[theta1].InitialValue:	-0.450402	49.2943	1.00752
	Values[theta2].InitialValue:	0.453648	55.1374	0.589797
	Values[theta3].InitialValue:	0.181194	11.0177	1.35455
	Values[theta4].InitialValue:	-0.181884	103.088	0.0472618
	Values[theta5].InitialValue:	-0.0744247	150.922	0.0352323
	Values[theta6].InitialValue:	-0.0172415	8.54426	0.0838941
	Values[theta7].InitialValue:	0.0174569	440.18	0.135832
	Values[theta8].InitialValue:	-0.0253694	433.696	0.0714795
	Values[theta9].InitialValue:	0.1	102.162	0.174975

File Name:	/home/marioc/Dropbox/projects/galeano/MicrobiomeBayes/javi.csv
Experiment:	Experiment
Mean:	0.0212859
Objective Value:	53.796
Root Mean Square:	0.542187
Row	Time	x1.ParticleNumber(Data)	x1.ParticleNumber(Fit)	x1.ParticleNumber(Weighted Error)	x2.ParticleNumber(Data)	x2.ParticleNumber(Fit)	x2.ParticleNumber(Weighted Error)	x3.ParticleNumber(Data)	x3.ParticleNumber(Fit)	x3.ParticleNumber(Weighted Error)	Objective Value	Root Mean Square

1.	0	9.43952	10	0.560476	9.49768	10	0.156678	9.50944	10	0.0313602	0.339665	0.336484
2.	0.25	5.36022	6.70866	1.34844	9.10144	9.02171	-0.0248689	11.7254	12.0262	0.0192323	1.81928	0.778733
3.	0.5	5.61783	5.03347	-0.58436	7.96583	8.53278	0.176835	16.0227	14.1885	-0.117254	0.386496	0.358932
4.	0.75	3.36312	4.03399	0.670875	7.5552	8.27792	0.225421	15.9202	16.4749	0.0354647	0.502146	0.409124
5.	1	2.96987	3.38174	0.411867	8.64969	8.15341	-0.154794	19.3557	18.8586	-0.0317798	0.194605	0.254693
6.	1.25	4.26387	2.93193	-1.33194	8.57783	8.10772	-0.146629	21.8447	21.3014	-0.0347339	1.79678	0.773903
7.	1.5	2.81094	2.61072	-0.200215	8.02062	8.1117	0.0284094	23.4827	23.7581	0.0176055	0.0412032	0.117194
8.	1.75	0.945058	2.37645	1.4314	8.77435	8.1473	-0.195581	27.0121	26.1808	-0.053148	2.08997	0.83466
9.	2	1.42299	2.20376	0.780769	9.82619	8.20265	-0.506393	31.0615	28.523	-0.162275	0.892367	0.545395
10.	2.25	1.59174	2.07626	0.484517	7.24252	8.26959	0.32035	32.4405	30.7446	-0.108417	0.349135	0.341143
11.	2.5	3.20919	1.98286	-1.22633	5.40974	8.34234	0.9147	34.1999	32.8138	-0.0886096	2.34842	0.884764
12.	2.75	2.30749	1.91574	-0.391757	8.73292	8.41678	-0.0986058	35.6786	34.7092	-0.0619751	0.167038	0.235965
13.	3	2.32211	1.86918	-0.452928	7.04467	8.48995	0.450793	35.754	36.4192	0.0425237	0.410167	0.36976
14.	3.25	2.01399	1.83891	-0.175082	7.10695	8.55973	0.453133	40.4122	37.9413	-0.157963	0.260935	0.294921
15.	3.5	1.33565	1.8216	0.485949	8.87248	8.62464	-0.0773025	39.075	39.2801	0.0131091	0.242294	0.284191
16.	3.75	3.67122	1.81465	-1.85657	7.62188	8.68368	0.331184	42.3312	40.4454	-0.120554	3.57106	1.09103
17.	4	2.37838	1.81596	-0.562421	6.75086	8.73621	0.619246	44.3794	41.4501	-0.187264	0.73485	0.494924
18.	4.25	0	1.82379	1.82379	8.22083	8.78189	0.175001	41.7525	42.3088	0.0355606	3.3581	1.058
19.	4.5	2.58101	1.83672	-0.74429	7.96981	8.82059	0.265366	44.4941	43.0365	-0.0931771	0.633069	0.459372
20.	4.75	1.4085	1.85353	0.445033	8.18345	8.85237	0.20864	44.0165	43.6479	-0.0235643	0.242141	0.284101
21.	5	0.815885	1.8732	1.05731	8.63065	8.8774	0.0769628	43.102	44.1566	0.0674165	1.12838	0.613292
22.	5.25	1.66863	1.89485	0.226219	7.94026	8.896	0.298103	43.4801	44.5753	0.0700104	0.144942	0.219804
23.	5.5	0.863746	1.91773	1.05398	9.01809	8.90854	-0.0341673	43.6527	44.9153	0.080714	1.11856	0.610618
24.	5.75	1.16409	1.9412	0.777111	8.21284	8.91548	0.219159	44.9329	45.1866	0.0162194	0.652195	0.46626
25.	6	1.27113	1.96471	0.693577	8.82129	8.91731	0.0299508	44.1713	45.3983	0.078441	0.488099	0.40336
26.	6.25	0.212565	1.98781	1.77525	9.63894	8.91456	-0.225941	46.4576	45.5583	-0.0574906	3.20586	1.03374
27.	6.5	2.73997	2.01013	-0.729838	9.02626	8.90776	-0.0369612	47.9801	45.6736	-0.147455	0.555773	0.430416
28.	6.75	2.05828	2.03135	-0.0269304	8.31053	8.89746	0.183068	44.6822	45.7504	0.0682842	0.0389018	0.113874
29.	7	0.769296	2.05125	1.28195	9.82716	8.8842	-0.294115	46.8292	45.7942	-0.0661621	1.73428	0.760325
30.	7.25	3.16356	2.06964	-1.09392	9.71037	8.8685	-0.262586	46.869	45.8101	-0.0676933	1.27019	0.65069
31.	7.5	2.33831	2.0864	-0.251904	9.30058	8.85086	-0.140272	46.4797	45.8024	-0.0432983	0.0850068	0.168332
32.	7.75	1.61867	2.10147	0.482796	9.02319	8.83173	-0.059719	45.1778	45.7751	0.0381808	0.238116	0.28173
33.	8	2.81058	2.1148	-0.695778	8.186	8.81156	0.195117	46.0983	45.7317	-0.0234416	0.522727	0.417423
34.	8.25	2.79512	2.12642	-0.668709	10.2014	8.79074	-0.439981	45.9632	45.6753	-0.01841	0.641094	0.462275
35.	8.5	2.73994	2.13634	-0.603603	8.26478	8.76962	0.157462	46.8278	45.6087	-0.0779354	0.395205	0.362953
36.	8.75	2.60823	2.14464	-0.463584	11.0744	8.74852	-0.725476	45.9099	45.5345	-0.0239955	0.741801	0.497259
37.	9	2.4746	2.15141	-0.32319	10.4397	8.72771	-0.533989	47.2737	45.4549	-0.116275	0.403116	0.366568
38.	9.25	1.85973	2.15673	0.296991	8.68949	8.70742	0.00559407	45.9342	45.3717	-0.0359558	0.0895279	0.17275
39.	9.5	1.61654	2.16071	0.54417	7.9151	8.68786	0.24103	47.3714	45.2867	-0.133271	0.371977	0.352125
40.	9.75	1.5428	2.16348	0.620687	8.24586	8.66919	0.132039	45.2779	45.2013	-0.004895	0.40271	0.366383
41.	10	1.22924	2.16516	0.935922	9.22645	8.65152	-0.179323	45.0739	45.1167	0.00273967	0.908114	0.550186
42.	10.25	1.71662	2.16586	0.449234	8.73485	8.63497	-0.0311543	49.581	45.0341	-0.290673	0.287273	0.309447
43.	10.5	0.659675	2.1657	1.50603	8.64478	8.61959	-0.00785928	45.9281	44.9542	-0.0622594	2.27206	0.87026
44.	10.75	4.0945	2.16481	-1.92969	8.05041	8.60543	0.173113	46.6474	44.8777	-0.113132	3.76646	1.12049
45.	11	3.13392	2.16328	-0.970633	8.96573	8.59251	-0.11641	46.9893	44.8052	-0.139624	0.975174	0.570139
46.	11.25	0.803212	2.16124	1.35802	8.23371	8.58084	0.108275	45.872	44.7372	-0.0725498	1.86121	0.787658
47.	11.5	1.52376	2.15876	0.635001	7.35772	8.57041	0.378246	46.8753	44.6739	-0.140735	0.566103	0.434397
48.	11.75	1.46028	2.15595	0.695674	8.65177	8.56117	-0.0282584	46.7297	44.6155	-0.135159	0.503029	0.409483
49.	12	2.70715	2.15289	-0.554263	9.95668	8.55309	-0.437788	46.1473	44.5621	-0.10134	0.509136	0.411961
50.	12.25	1.84404	2.14965	0.305604	8.46744	8.54613	0.0245449	46.4297	44.5138	-0.12248	0.108998	0.190611
51.	12.5	2.18093	2.14629	-0.0346359	9.65533	8.54022	-0.34781	46.3318	44.4705	-0.118992	0.136331	0.213175
52.	12.75	1.89924	2.14289	0.243647	7.43359	8.5353	0.343632	48.4956	44.4321	-0.259774	0.244929	0.285732
53.	13	1.88508	2.13948	0.254406	8.9996	8.53131	-0.146064	45.627	44.3984	-0.0785387	0.0922255	0.175333
54.	13.25	3.29669	2.13612	-1.16057	9.57787	8.52816	-0.327412	45.2733	44.3693	-0.0577894	1.45746	0.697008
55.	13.5	1.70244	2.13284	0.430398	9.36259	8.5258	-0.260999	46.408	44.3446	-0.131908	0.270763	0.300423
56.	13.75	3.44479	2.12967	-1.31512	9.16977	8.52415	-0.201374	46.6814	44.3239	-0.150712	1.79281	0.773049
57.	14	0.379662	2.12663	1.74697	8.42577	8.52313	0.0303677	46.8082	44.307	-0.159892	3.0784	1.01298
58.	14.25	2.51312	2.12376	-0.389352	8.2189	8.52267	0.0947483	45.9139	44.2937	-0.103575	0.1713	0.238956
59.	14.5	2.05243	2.12107	0.0686337	8.04639	8.52272	0.148569	45.3094	44.2836	-0.0655816	0.0310844	0.101791
60.	14.75	2.14459	2.11856	-0.0260322	9.18988	8.52319	-0.207946	47.6364	44.2764	-0.214798	0.0900574	0.17326
61.	15	2.30835	2.11624	-0.192107	8.1263	8.52404	0.124057	46.024	44.2719	-0.112009	0.0648415	0.147016
Objective Value				48.1192			4.99388			0.682862
Root Mean Square				0.888167			0.286124			0.105804
Weight				1			0.0972862			0.00408675

Fisher Information Matrix:
  Matrix(12x12)
	2.72942e+06	456954	961626	63277.3	20729.6	23851.2	130564	65213	52754.2	549697	176778	207334
	456954	1.54492e+07	1.57469e+06	930.987	367712	28740.1	-14403.3	789419	44362.8	10594	3.19353e+06	251765
	961626	1.57469e+06	1.41936e+06	20174.6	45508	33457.9	35215.4	114651	70298.7	176354	391711	290334
	63277.3	930.987	20174.6	1538.3	218.697	529.112	3383.38	961.217	1265.89	13321.1	1840.9	4580.79
	20729.6	367712	45508	218.697	9104.47	915.327	-172.78	20368.9	1543.15	1992.61	78840.5	7987.14
	23851.2	28740.1	33457.9	529.112	915.327	838.715	952.483	2566.8	1880.83	4598.68	7832.21	7240.9
	130564	-14403.3	35215.4	3383.38	-172.78	952.483	8374.72	204.378	2498.21	29230.9	-1437.85	8241.98
	65213	789419	114651	961.217	20368.9	2566.8	204.378	48039.3	4886.19	8509.58	175861	22222.8
	52754.2	44362.8	70298.7	1265.89	1543.15	1880.83	2498.21	4886.19	4590.63	10912.9	13175.9	16156.2
	549697	10594	176354	13321.1	1992.61	4598.68	29230.9	8509.58	10912.9	115419	16775.3	39842.6
	176778	3.19353e+06	391711	1840.9	78840.5	7832.21	-1437.85	175861	13175.9	16775.3	682961	68373.9
	207334	251765	290334	4580.79	7987.14	7240.9	8241.98	22222.8	16156.2	39842.6	68373.9	62558.5

FIM Eigenvalues:
  Matrix(12x1)
	0.151677
	0.36852
	0.972096
	43.2687
	126.545
	273.812
	2217.94
	6756.33
	24893.5
	851192
	3.27759e+06
	1.63684e+07

FIM Eigenvectors corresponding to Eigenvalues:
  Matrix(12x12)
	-0.00109991	-0.000661602	0.00172748	-0.386246	-0.128067	0.904603	-0.00658238	-0.00623967	0.00362401	0.0516532	0.0194888	-0.11383
	-0.00202643	0.00115499	0.00101306	-0.907169	-0.0528371	-0.397235	-0.0172316	0.0155452	0.0236751	0.118782	-0.00328344	0.0350892
	0.00127694	0.000352878	0.00421579	-0.097722	0.980971	0.0931131	0.0113314	-0.0137917	0.0665832	0.00260378	-0.11144	-0.0477334
	0.0130392	0.0104063	-0.0613445	-0.0497157	0.0600752	0.0629416	0.200589	0.0654259	-0.822629	-0.10648	-0.0721869	0.498129
	0.0738583	2.75478e-05	0.000462396	-0.0749145	-0.035647	-0.00748238	0.779262	0.140524	0.238142	-0.546363	-0.0343408	-0.0648531
	0.0030542	-0.0502675	-0.0549999	-0.0225708	0.0408075	0.0144679	0.127871	-0.83832	0.0859579	-0.0521542	0.452877	0.240245
	-0.0947249	-0.0473174	0.161775	0.0384355	0.0278187	-0.086916	0.364206	-0.0820358	-0.414079	0.364045	0.239694	-0.672304
	0.171387	-0.00793669	0.0913604	-0.0871807	0.00442162	-0.0519753	-0.435823	-0.149315	-0.28129	-0.701104	0.0422046	-0.408909
	-0.00326776	0.192429	0.072793	0.00976126	-0.103051	-0.0138666	0.102666	-0.490831	-0.0327294	0.0762645	-0.8219	-0.113545
	-0.42056	-0.0880058	0.877302	-0.0110988	0.00162658	0.0209836	-0.0284329	0.0115641	0.0444659	-0.0954879	0.0118999	0.181608
	0.881603	-0.0928714	0.413947	0.0204642	0.00162731	0.0103459	0.0419302	0.0116385	0.0229933	0.177828	0.0127445	0.0897972
	0.0436812	0.970393	0.111188	0.000395442	0.0232204	0.00211008	-0.000267265	0.0501237	0.0034496	0.00360152	0.201607	0.0184565

Fisher Information Matrix (scaled):
  Matrix(12x12)
	648.315	-12.6344	-333.894	-439.243	144.933	66.6057	-365.995	-74.8013	-14.0181	147.893	-69.1186	319.542
	-12.6344	49.7231	63.6451	0.752262	-299.263	-9.3424	-4.69983	105.402	1.3722	-0.331783	145.347	-45.167
	-333.894	63.6451	720.414	204.716	-465.106	-136.58	144.302	192.238	27.3065	-69.3582	223.883	-654.1
	-439.243	0.752262	204.716	312.063	-44.6849	-43.1809	277.169	32.221	9.83033	-104.739	21.0348	-206.32
	144.933	-299.263	-465.106	-44.6849	1873.66	75.2384	14.2563	-687.706	-12.0698	15.78	-907.356	362.335
	66.6057	-9.3424	-136.58	-43.1809	75.2384	27.5362	-31.3903	-34.6142	-5.8758	14.546	-36.003	131.201
	-365.995	-4.69983	144.302	277.169	14.2563	-31.3903	277.05	2.7666	7.83424	-92.8118	-6.63462	-149.908
	-74.8013	105.402	192.238	32.221	-687.706	-34.6142	2.7666	266.091	6.26992	-11.0559	332.045	-165.393
	-14.0181	1.3722	27.3065	9.83033	-12.0698	-5.8758	7.83424	6.26992	1.36465	-3.28457	5.76321	-27.8557
	147.893	-0.331783	-69.3582	-104.739	15.78	14.546	-92.8118	-11.0559	-3.28457	35.173	-7.42928	69.5528
	-69.1186	145.347	223.883	21.0348	-907.356	-36.003	-6.63462	332.045	5.76321	-7.42928	439.557	-173.46
	319.542	-45.167	-654.1	-206.32	362.335	131.201	-149.908	-165.393	-27.8557	69.5528	-173.46	625.585

FIM Eigenvalues (scaled):
  Matrix(12x1)
	0.00374844
	0.00692252
	0.0139058
	0.0459445
	0.288167
	0.992366
	5.06113
	23.9068
	47.4371
	614.36
	1559.01
	3025.41

FIM Eigenvectors (scaled) corresponding to Eigenvalues:
  Matrix(12x12)
	0.0196251	-0.03105	0.0159564	-0.205772	0.0400481	-0.608144	-0.0126912	-0.0055211	0.136564	-0.730493	0.0972269	0.150657
	-0.0137735	-0.102339	-0.0071381	0.156402	0.0356062	-0.728717	0.0129913	-0.0285037	-0.293731	0.557863	0.128803	0.132163
	0.0120304	0.0926792	-0.0462168	-0.0681374	0.156328	0.158343	-0.00347871	0.0316237	-0.881833	-0.263102	0.268768	-0.121968
	-0.0195617	0.268812	-0.00986869	-0.0625421	-0.348769	-0.142916	0.0194331	0.0288338	-0.289983	-0.0590537	-0.832145	0.00563161
	0.0566509	-0.85036	-0.0475486	0.0517088	-0.318678	0.0692558	-0.0116456	-0.336936	-0.139458	-0.10617	-0.113974	-0.0708541
	0.391186	0.11293	0.121751	0.800927	-0.00872533	0.012491	-0.345152	-0.040033	-0.0142704	-0.201706	-0.0221596	0.124774
	-0.067903	0.33246	-0.421179	0.0322869	-0.135457	-0.110209	-0.136795	-0.66212	0.0867488	-0.000355899	0.127931	-0.441501
	-0.0584887	0.192743	0.53388	-0.134135	-0.109606	0.124268	0.106485	-0.589703	-0.0677019	0.0372503	0.098398	0.504194
	0.582163	0.0691586	-0.0497449	0.0687256	-0.0321293	-0.0288687	0.792681	-0.0536044	0.0265522	-0.0144441	0.030124	-0.11917
	-0.448882	0.0349809	-0.520558	0.334088	-0.178291	0.102449	0.33355	0.0506711	-0.0209128	-0.111864	0.0881187	0.487712
	0.51036	0.0732962	-0.363381	-0.366369	-0.389506	0.078045	-0.325628	0.11766	-0.0178684	0.12304	0.189859	0.372426
	0.183721	-0.113096	-0.335347	-0.104335	0.73111	0.0606095	-0.0658048	-0.277055	-0.0114399	0.0354018	-0.353562	0.290582

Correlation Matrix:
  Matrix(12x12)
	1	0.0827598	-0.33523	0.482965	0.271947	-0.200275	0.877342	0.0614583	-0.127035	-0.664367	-0.282637	0.257312
	0.0827598	1	-0.186897	-0.146273	0.156834	-0.46535	-0.00701914	0.830526	-0.178396	0.113172	-0.424863	0.475478
	-0.33523	-0.186897	1	-0.325893	0.196744	0.318567	-0.34493	-0.027572	0.816762	0.36818	-0.154452	-0.574443
	0.482965	-0.146273	-0.325893	1	0.189279	-0.307776	0.378906	-0.186825	-0.273221	-0.974075	-0.132246	0.3707
	0.271947	0.156834	0.196744	0.189279	1	-0.241302	0.220587	-0.16579	0.378523	-0.227814	-0.958591	0.133058
	-0.200275	-0.46535	0.318567	-0.307776	-0.241302	1	-0.0951187	-0.364167	0.00355379	0.308006	0.354188	-0.956358
	0.877342	-0.00701914	-0.34493	0.378906	0.220587	-0.0951187	1	0.029177	-0.225744	-0.565646	-0.213499	0.178052
	0.0614583	0.830526	-0.027572	-0.186825	-0.16579	-0.364167	0.029177	1	-0.140013	0.147332	-0.110753	0.34813
	-0.127035	-0.178396	0.816762	-0.273221	0.378523	0.00355379	-0.225744	-0.140013	1	0.275642	-0.313394	-0.280948
	-0.664367	0.113172	0.36818	-0.974075	-0.227814	0.308006	-0.565646	0.147332	0.275642	1	0.179899	-0.379124
	-0.282637	-0.424863	-0.154452	-0.132246	-0.958591	0.354188	-0.213499	-0.110753	-0.313394	0.179899	1	-0.250375
	0.257312	0.475478	-0.574443	0.3707	0.133058	-0.956358	0.178052	0.34813	-0.280948	-0.379124	-0.250375	1

