Objective Function Value:	74.5915
Standard Deviation:	0.66046
Function Evaluations:	3926
CPU Time [s]:	0.454
Evaluations/Second [1/s]:	8647.58

	Parameter	Value	Gradient	Standard Deviation
	Values[theta10].InitialValue:	0.0115092	-346.108	0.00568068
	Values[theta11].InitialValue:	0.0213941	285.268	0.00679382
	Values[theta12].InitialValue:	9.62085e-310	3276.02	0.00632376
	Values[theta1].InitialValue:	7.86001e-310	-8.01985	0.18914
	Values[theta2].InitialValue:	1.13635e-322	-26.0257	0.26273
	Values[theta3].InitialValue:	1	29.1828	0.338715
	Values[theta4].InitialValue:	-0.198006	3.75926	0.052518
	Values[theta5].InitialValue:	0.0230729	-48.3758	0.0681434
	Values[theta6].InitialValue:	-0.0117042	-73.0305	0.0894071
	Values[theta7].InitialValue:	-0.0129713	-133.039	0.025537
	Values[theta8].InitialValue:	-0.1	124.007	0.0302947
	Values[theta9].InitialValue:	-0.1	287.405	0.0251547

File Name:	/home/marioc/Dropbox/projects/galeano/MicrobiomeBayes/javi.csv
Experiment:	Experiment
Mean:	-0.0360457
Objective Value:	74.5915
Root Mean Square:	0.638439
Row	Time	x1.ParticleNumber(Data)	x1.ParticleNumber(Fit)	x1.ParticleNumber(Weighted Error)	x2.ParticleNumber(Data)	x2.ParticleNumber(Fit)	x2.ParticleNumber(Weighted Error)	x3.ParticleNumber(Data)	x3.ParticleNumber(Fit)	x3.ParticleNumber(Weighted Error)	Objective Value	Root Mean Square

1.	0	9.43952	10	0.560476	9.49768	10	0.156678	9.50944	10	0.0313602	0.339665	0.336484
2.	0.25	5.36022	6.67983	1.3196	9.10144	8.7473	-0.110458	11.7254	9.92524	-0.115079	1.7668	0.76742
3.	0.5	5.61783	5.0299	-0.587931	7.96583	7.76667	-0.0621223	16.0227	10.199	-0.372299	0.488129	0.403373
4.	0.75	3.36312	4.04988	0.686761	7.5552	7.01053	-0.169885	15.9202	10.7489	-0.330586	0.609788	0.450847
5.	1	2.96987	3.40565	0.43578	8.64969	6.42791	-0.692991	19.3557	11.5455	-0.499288	0.91943	0.553603
6.	1.25	4.26387	2.95414	-1.30973	8.57783	5.98035	-0.810172	21.8447	12.5808	-0.592221	2.7225	0.952628
7.	1.5	2.81094	2.62402	-0.186912	8.02062	5.64097	-0.74223	23.4827	13.8595	-0.61519	0.9643	0.566951
8.	1.75	0.945058	2.37594	1.43088	8.77435	5.3915	-1.05514	27.0121	15.3934	-0.742756	3.71243	1.11242
9.	2	1.42299	2.18652	0.763531	9.82619	5.22002	-1.4367	31.0615	17.1979	-0.886264	3.43255	1.06966
10.	2.25	1.59174	2.04114	0.449398	7.24252	5.11931	-0.662244	32.4405	19.2886	-0.840775	1.34743	0.670181
11.	2.5	3.20919	1.9303	-1.27889	5.40974	5.08581	-0.101037	34.1999	21.6777	-0.800516	2.2866	0.873041
12.	2.75	2.30749	1.84766	-0.459833	8.73292	5.11884	-1.12726	35.6786	24.3698	-0.722946	2.00481	0.817478
13.	3	2.32211	1.78891	-0.5332	7.04467	5.2201	-0.569098	35.754	27.3561	-0.536858	0.896392	0.546623
14.	3.25	2.01399	1.75105	-0.262941	7.10695	5.39303	-0.534584	40.4122	30.6078	-0.626777	0.747767	0.499255
15.	3.5	1.33565	1.7319	0.396245	8.87248	5.64209	-1.00758	39.075	34.069	-0.320027	1.27465	0.65183
16.	3.75	3.67122	1.72972	-1.9415	7.62188	5.9715	-0.514764	42.3312	37.6498	-0.29927	4.12396	1.17246
17.	4	2.37838	1.7429	-0.635477	6.75086	6.38343	-0.114607	44.3794	41.2226	-0.201808	0.457692	0.390594
18.	4.25	0	1.7696	1.7696	8.22083	6.87539	-0.419654	41.7525	44.6242	0.183578	3.3413	1.05535
19.	4.5	2.58101	1.80752	-0.77349	7.96981	7.43723	-0.166117	44.4941	47.6683	0.202922	0.66706	0.471543
20.	4.75	1.4085	1.85368	0.44518	8.18345	8.04848	-0.0420988	44.0165	50.1699	0.393373	0.3547	0.343851
21.	5	0.815885	1.90443	1.08854	8.63065	8.67765	0.0146587	43.102	51.9789	0.567479	1.50717	0.708796
22.	5.25	1.66863	1.95568	0.287046	7.94026	9.28495	0.419418	43.4801	53.0146	0.609515	0.629815	0.45819
23.	5.5	0.863746	2.00334	1.13959	9.01809	9.82885	0.252885	43.6527	53.2862	0.615849	1.7419	0.761992
24.	5.75	1.16409	2.04393	0.879845	8.21284	10.2747	0.643105	44.9329	52.8907	0.508722	1.44651	0.694385
25.	6	1.27113	2.07505	0.803914	8.82129	10.6017	0.555312	44.1713	51.9866	0.499615	1.20426	0.633578
26.	6.25	0.212565	2.0956	1.88303	9.63894	10.8057	0.363908	46.4576	50.7565	0.274822	3.75377	1.1186
27.	6.5	2.73997	2.10573	-0.634234	9.02626	10.8971	0.583529	47.9801	49.3724	0.0890023	0.750681	0.500227
28.	6.75	2.05828	2.10655	0.0482644	8.31053	10.8958	0.80637	44.6822	47.9734	0.210396	0.696828	0.48195
29.	7	0.769296	2.0997	1.3304	9.82716	10.8254	0.311362	46.8292	46.6585	-0.010908	1.86704	0.788889
30.	7.25	3.16356	2.08705	-1.07651	9.71037	10.7089	0.311448	46.869	45.4893	-0.0882023	1.26365	0.649011
31.	7.5	2.33831	2.07042	-0.267887	9.30058	10.5662	0.394747	46.4797	44.4969	-0.126759	0.243657	0.284989
32.	7.75	1.61867	2.05143	0.432756	9.02319	10.413	0.433485	45.1778	43.6909	-0.0950556	0.384222	0.357874
33.	8	2.81058	2.03142	-0.779165	8.186	10.261	0.647211	46.0983	43.0669	-0.193795	1.06354	0.595409
34.	8.25	2.79512	2.01145	-0.783677	10.2014	10.1183	-0.0258909	45.9632	42.6114	-0.214273	0.660733	0.469302
35.	8.5	2.73994	1.99231	-0.74763	8.26478	9.9902	0.538171	46.8278	42.3066	-0.289034	0.93212	0.557411
36.	8.75	2.60823	1.97458	-0.633646	11.0744	9.87957	-0.372692	45.9099	42.1319	-0.241518	0.598737	0.446743
37.	9	2.4746	1.95862	-0.515976	10.4397	9.78778	-0.203345	47.2737	42.0664	-0.332894	0.418399	0.373452
38.	9.25	1.85973	1.94464	0.084901	8.68949	9.71495	0.319848	45.9342	42.0893	-0.245792	0.169925	0.237995
39.	9.5	1.61654	1.93272	0.316173	7.9151	9.66033	0.544349	47.3714	42.1809	-0.331818	0.506384	0.410846
40.	9.75	1.5428	1.92285	0.380049	8.24586	9.62256	0.429403	45.2779	42.3227	-0.188915	0.364513	0.348575
41.	10	1.22924	1.91494	0.685699	9.22645	9.59987	0.116472	45.0739	42.4981	-0.164664	0.510864	0.41266
42.	10.25	1.71662	1.90884	0.192213	8.73485	9.5902	0.26679	49.581	42.6921	-0.440388	0.302064	0.317314
43.	10.5	0.659675	1.90436	1.24469	8.64478	9.59137	0.295248	45.9281	42.8921	-0.194084	1.67409	0.747014
44.	10.75	4.0945	1.9013	-2.19319	8.05041	9.60116	0.48369	46.6474	43.0873	-0.227587	5.09584	1.30331
45.	11	3.13392	1.89943	-1.23448	8.96573	9.61739	0.203256	46.9893	43.2695	-0.237801	1.62181	0.735258
46.	11.25	0.803212	1.89852	1.09531	8.23371	9.63801	0.438012	45.872	43.4324	-0.155962	1.41588	0.686993
47.	11.5	1.52376	1.89835	0.37459	7.35772	9.66115	0.718456	46.8753	43.572	-0.211175	0.701092	0.483422
48.	11.75	1.46028	1.89872	0.43844	8.65177	9.68518	0.32233	46.7297	43.6861	-0.19457	0.333983	0.333658
49.	12	2.70715	1.89944	-0.807716	9.95668	9.70876	-0.0773274	46.1473	43.7743	-0.151702	0.681398	0.476584
50.	12.25	1.84404	1.90035	0.0563075	8.46744	9.7308	0.394053	46.4297	43.8375	-0.165716	0.18591	0.248938
51.	12.5	2.18093	1.90133	-0.279602	9.65533	9.75053	0.0296944	46.3318	43.8776	-0.156891	0.103674	0.185898
52.	12.75	1.89924	1.90227	0.00302285	7.43359	9.76743	0.727942	48.4956	43.8976	-0.293943	0.616311	0.453252
53.	13	1.88508	1.90309	0.0180102	8.9996	9.78124	0.243799	45.627	43.9006	-0.110366	0.071943	0.154858
54.	13.25	3.29669	1.90374	-1.39295	9.57787	9.7919	0.0667561	45.2733	43.89	-0.0884304	1.95258	0.806759
55.	13.5	1.70244	1.9042	0.20176	9.36259	9.79954	0.136288	46.408	43.8694	-0.162284	0.0856177	0.168936
56.	13.75	3.44479	1.90445	-1.54034	9.16977	9.8044	0.197947	46.6814	43.8419	-0.181523	2.44478	0.902732
57.	14	0.379662	1.9045	1.52484	8.42577	9.80683	0.430764	46.8082	43.8105	-0.191633	2.54742	0.921488
58.	14.25	2.51312	1.90438	-0.60874	8.2189	9.80722	0.495408	45.9139	43.7776	-0.136568	0.634645	0.459944
59.	14.5	2.05243	1.90409	-0.148343	8.04639	9.80599	0.548832	45.3094	43.7452	-0.0999978	0.333222	0.333278
60.	14.75	2.14459	1.90368	-0.240912	9.18988	9.80355	0.191408	47.6364	43.7149	-0.250691	0.157522	0.229145
61.	15	2.30835	1.90317	-0.405179	8.1263	9.80029	0.52213	46.024	43.6879	-0.149342	0.459093	0.391192
Objective Value				49.8786			15.9719			8.74097
Root Mean Square				0.904258			0.511698			0.378543
Weight				1			0.0972862			0.00408675

Fisher Information Matrix:
  Matrix(12x12)
	3.24033e+06	-1.46115e+06	1.08206e+06	78227	-37820.2	27196.1	159551	-82677	58127.8	704123	-325454	237936
	-1.46115e+06	2.44594e+06	-2.18638e+06	-33943.3	59549.1	-46707.8	-67522.9	119134	-85507.7	-315372	519569	-450950
	1.08206e+06	-2.18638e+06	4.30583e+06	24481.4	-63970.7	106853	46121.5	-146974	219857	225677	-505418	918797
	78227	-33943.3	24481.4	1984.6	-888.347	638.823	4254.14	-1990.92	1433.57	17379.4	-7651.29	5563.58
	-37820.2	59549.1	-63970.7	-888.347	1717.77	-1618.67	-1738.14	3909.04	-3294.34	-7986.37	13740.5	-13379.6
	27196.1	-46707.8	106853	638.823	-1618.67	3049.15	1180.05	-4259.67	6841.28	5562.88	-12393.4	24041.5
	159551	-67522.9	46121.5	4254.14	-1738.14	1180.05	9852.8	-3889.49	2702.11	36722.1	-15094.4	10595.8
	-82677	119134	-146974	-1990.92	3909.04	-4259.67	-3889.49	9939.74	-9441.73	-17310.3	30164.4	-32247.6
	58127.8	-85507.7	219857	1433.57	-3294.34	6841.28	2702.11	-9441.73	16234.4	11937.4	-25047.2	51715.9
	704123	-315372	225677	17379.4	-7986.37	5562.88	36722.1	-17310.3	11937.4	156027	-69928.5	50100.6
	-325454	519569	-505418	-7651.29	13740.5	-12393.4	-15094.4	30164.4	-25047.2	-69928.5	117962	-108988
	237936	-450950	918797	5563.58	-13379.6	24041.5	10595.8	-32247.6	51715.9	50100.6	-108988	203906

FIM Eigenvalues:
  Matrix(12x1)
	2.89801
	9.38771
	12.1173
	182.661
	370.665
	928.883
	3847.73
	5112.78
	16104.6
	826436
	2.69838e+06
	6.96139e+06

FIM Eigenvectors corresponding to Eigenvalues:
  Matrix(12x12)
	0.00364563	0.0146723	0.00855699	-0.120502	-0.488305	-0.82989	0.0237782	0.124294	0.200321	-0.00904949	-0.0418964	0.0061764
	0.00284391	-0.00117728	0.0204555	0.0698743	0.838031	-0.482683	0.00167217	-0.149102	0.166862	-0.0213173	-0.053597	-0.0775027
	0.0197031	-0.00193488	-0.00291012	-0.961925	0.115709	0.0660468	0.229552	-0.0423408	-0.0248113	-0.0358336	0.00573628	0.0114332
	-0.0363641	-0.0441263	-0.0477143	-0.0602232	-0.0810463	-0.15427	-0.312883	-0.68471	-0.326077	0.243162	0.369413	0.30301
	0.0854451	0.00697172	-0.0258977	0.185207	-0.0290226	-0.10479	0.638239	-0.19478	-0.376833	-0.557333	0.0209655	0.217951
	-0.0183326	0.123551	0.00796639	-0.0545526	0.0775769	-0.138993	-0.223134	0.230835	-0.668861	0.150857	-0.602437	0.141017
	0.13685	-0.0730652	-0.10385	-0.0874538	0.114439	-0.00599608	-0.472293	0.376151	0.0475399	-0.507139	0.260434	0.502536
	-0.141727	-0.0705914	-0.0992668	0.0775835	0.121843	-0.0316172	0.407111	0.378029	0.00371502	0.550636	0.2533	0.516907
	0.0143195	-0.0989158	0.164592	-0.0124116	0.0641566	-0.134188	-0.021841	0.338988	-0.478622	0.010152	0.572452	-0.518045
	0.307267	0.832376	0.413516	0.00799169	0.0138529	0.0182603	0.0162201	0.0151117	0.0496021	0.0643703	0.149749	0.10785
	-0.811188	0.0282696	0.54157	-0.0199383	-0.000886362	0.0134862	-0.0415511	-0.00364705	0.0272906	-0.178457	0.00187976	0.113853
	0.446288	-0.518424	0.696036	0.0105103	-0.0139254	0.0167666	0.0209231	-0.0304154	0.0339111	0.0958675	-0.115702	0.148059

Fisher Information Matrix (scaled):
  Matrix(12x12)
	429.221	-359.779	1.19815e-305	7.07662e-307	-4.95647e-320	313.006	-363.6	-21.9549	-7.83018	-105.118	374.572	-273.846
	-359.779	1119.53	-4.50023e-305	-5.70785e-307	1.4484e-319	-999.273	286.039	58.8076	21.4113	87.5187	-1111.57	964.769
	1.19815e-305	-4.50023e-305	0	0	0	1.02802e-304	-8.7861e-306	-3.26253e-306	-2.47569e-306	-2.81634e-306	4.86255e-305	-8.83961e-305
	7.07662e-307	-5.70785e-307	0	0	0	5.02115e-307	-6.62085e-307	-3.61059e-308	-1.31881e-308	-1.77191e-307	6.01392e-307	-4.37298e-307
	-4.95647e-320	1.4484e-319	0	0	0	-1.83941e-319	3.91004e-320	1.01679e-320	4.39718e-321	1.17588e-320	-1.56253e-319	1.52034e-319
	313.006	-999.273	1.02802e-304	5.02115e-307	-1.83941e-319	3049.15	-233.657	-98.2828	-80.0718	-72.1578	1239.34	-2404.15
	-363.6	286.039	-8.7861e-306	-6.62085e-307	3.91004e-320	-233.657	386.294	17.7694	6.26217	94.3169	-298.879	209.803
	-21.9549	58.8076	-3.26253e-306	-3.61059e-308	1.01679e-320	-98.2828	17.7694	5.29149	2.54974	5.18072	-69.598	74.4044
	-7.83018	21.4113	-2.47569e-306	-1.31881e-308	4.39718e-321	-80.0718	6.26217	2.54974	2.22392	1.81233	-29.3158	60.5293
	-105.118	87.5187	-2.81634e-306	-1.77191e-307	1.17588e-320	-72.1578	94.3169	5.18072	1.81233	26.2522	-90.7063	64.9869
	374.572	-1111.57	4.86255e-305	6.01392e-307	-1.56253e-319	1239.34	-298.879	-69.598	-29.3158	-90.7063	1179.62	-1089.88
	-273.846	964.769	-8.83961e-305	-4.37298e-307	1.52034e-319	-2404.15	209.803	74.4044	60.5293	64.9869	-1089.88	2039.06

FIM Eigenvalues (scaled):
  Matrix(12x1)
	-4.45478e-18
	-4.62023e-34
	1.66505e-18
	0.0538021
	0.118546
	0.306191
	11.3091
	41.7784
	90.8532
	502.875
	1288.6
	6300.75

FIM Eigenvectors (scaled) corresponding to Eigenvalues:
  Matrix(12x12)
	1.99609e-18	-1.23745e-18	2.00301e-17	0.362638	-0.93193	-2.9841e-18	3.61567e-19	-5.85658e-17	2.80949e-18	6.74089e-18	-4.43171e-18	-3.23198e-18
	-1.57038e-31	-1.23807e-32	-1	-2.15212e-19	1.11022e-16	1.05793e-33	5.64293e-32	-2.21636e-31	6.43003e-32	-8.36085e-31	-2.43861e-32	0
	6.2205e-18	1.00571e-18	5.17714e-17	0.93193	0.362638	1.06007e-18	-2.64803e-18	3.28337e-17	-5.85941e-18	3.46235e-17	2.7992e-18	1.25044e-18
	0.0135488	0.0206016	4.67514e-306	9.20218e-19	-2.58674e-16	0.0398268	-0.0122434	0.165935	0.980423	0.0890877	0.0262572	0.0163264
	-0.176802	-0.0129438	-6.22896e-305	-1.54472e-17	-2.18738e-17	0.00322478	0.0632271	-0.247936	0.131525	-0.940791	-0.0265752	0.000598619
	-0.0546072	0.0121864	-1.93485e-307	1.68925e-20	1.38557e-17	0.0490833	0.0106807	0.948422	-0.140855	-0.260427	0.0638613	0.0556889
	0.0448038	0.632513	-4.65654e-308	4.4178e-26	2.15734e-21	-0.317656	0.0518052	-0.0188774	-0.00519875	-0.0279491	0.610562	-0.346958
	-0.6921	0.0399742	-8.78296e-309	4.40142e-27	8.00131e-22	0.0162917	-0.707672	-0.0201289	-0.00814287	0.0833926	0.0993413	0.0322367
	0.0218692	0.233123	-4.04008e-308	-3.95182e-30	-1.56466e-24	0.491921	0.0978406	-0.0994172	-0.0311139	0.0116843	0.409496	0.717594
	-0.591745	-0.371019	4.10778e-309	-1.48869e-32	-3.26595e-26	-0.161362	0.613094	-0.00452448	0.00940129	0.151119	0.295437	-0.0056822
	0.349083	-0.549738	-7.92936e-309	-4.70753e-37	-2.64678e-30	-0.432232	-0.31504	-0.0148573	0.014208	-0.0880715	0.475422	0.2359
	-0.109844	0.321521	-2.40145e-308	3.72131e-43	1.02312e-35	-0.663306	0.0868757	0.0245376	0.0167534	0.02623	-0.361765	0.551897

Correlation Matrix:
  Matrix(12x12)
	1	0.253697	0.180213	-0.667457	-0.0478119	-0.243245	0.861798	0.1492	0.218689	-0.869539	-0.288034	-0.0210121
	0.253697	1	0.568819	-0.154051	-0.628228	-0.783533	0.177184	0.784655	0.705204	-0.212604	-0.820393	-0.0627358
	0.180213	0.568819	1	0.011129	0.0985873	-0.707111	0.0769284	0.235563	0.818267	-0.228902	-0.799283	-0.755084
	-0.667457	-0.154051	0.011129	1	0.152416	0.174841	-0.823254	-0.0949356	-0.133105	0.24516	0.0616132	-0.159874
	-0.0478119	-0.628228	0.0985873	0.152416	1	0.47762	-0.0505659	-0.835649	-0.352398	-0.0503162	0.116725	-0.52569
	-0.243245	-0.783533	-0.707111	0.174841	0.47762	1	-0.135567	-0.520945	-0.944822	0.172427	0.618532	0.0993332
	0.861798	0.177184	0.0769284	-0.823254	-0.0505659	-0.135567	1	0.116604	0.117871	-0.671059	-0.194433	0.0184983
	0.1492	0.784655	0.235563	-0.0949356	-0.835649	-0.520945	0.116604	1	0.521022	-0.128876	-0.518733	0.0806726
	0.218689	0.705204	0.818267	-0.133105	-0.352398	-0.944822	0.117871	0.521022	1	-0.174494	-0.663682	-0.352243
	-0.869539	-0.212604	-0.228902	0.24516	-0.0503162	0.172427	-0.671059	-0.128876	-0.174494	1	0.333402	0.142987
	-0.288034	-0.820393	-0.799283	0.0616132	0.116725	0.618532	-0.194433	-0.518733	-0.663682	0.333402	1	0.53435
	-0.0210121	-0.0627358	-0.755084	-0.159874	-0.52569	0.0993332	0.0184983	0.0806726	-0.352243	0.142987	0.53435	1

