Objective Function Value:	47.3898
Standard Deviation:	0.526434
Function Evaluations:	4016
CPU Time [s]:	0.591
Evaluations/Second [1/s]:	6795.26

	Parameter	Value	Gradient	Standard Deviation
	Values[theta10].InitialValue:	0.0049	-6.21593	0.0230176
	Values[theta11].InitialValue:	0.0057	-1621.86	0.0124681
	Values[theta12].InitialValue:	-0.02	-253.001	0.0234631
	Values[theta1].InitialValue:	0.5	1.9401	1.12199
	Values[theta2].InitialValue:	0.19	-41.2901	0.502049
	Values[theta3].InitialValue:	0.9	-2.14279	1.12893
	Values[theta4].InitialValue:	-0.02	-55.0001	0.0154457
	Values[theta5].InitialValue:	0	-1321.89	0.00982493
	Values[theta6].InitialValue:	0.0015	-131.24	0.0160678
	Values[theta7].InitialValue:	0.0089	10.349	0.15706
	Values[theta8].InitialValue:	-0.15	-201.447	0.0668071
	Values[theta9].InitialValue:	0.025	-10.5052	0.158543

File Name:	/home/marioc/Dropbox/projects/galeano/MicrobiomeBayes/lotka.csv
Experiment:	Experiment
Mean:	-0.0252413
Objective Value:	47.3898
Root Mean Square:	0.508882
Row	Time	x1.ParticleNumber(Data)	x1.ParticleNumber(Fit)	x1.ParticleNumber(Weighted Error)	x2.ParticleNumber(Data)	x2.ParticleNumber(Fit)	x2.ParticleNumber(Weighted Error)	x3.ParticleNumber(Data)	x3.ParticleNumber(Fit)	x3.ParticleNumber(Weighted Error)	Objective Value	Root Mean Square

1.	0	8.51943	10	0.172555	10.9944	10	-0.994421	10.4134	10	-0.0349728	1.01987	0.583058
2.	0.25	12.6891	11.1119	-0.183814	8.53822	7.68246	-0.855764	11.1207	12.5511	0.12102	0.780765	0.510152
3.	0.5	11.313	12.2697	0.111505	6.52869	6.33156	-0.197126	14.0784	15.3781	0.109954	0.0633818	0.145352
4.	0.75	12.5643	13.4843	0.107224	6.29267	5.45835	-0.834323	19.8514	18.448	-0.118725	0.721688	0.490472
5.	1	12.7628	14.7604	0.232819	5.70403	4.85724	-0.84679	21.4755	21.6949	0.0185573	0.771602	0.50715
6.	1.25	15.8265	16.0988	0.0317352	6.38062	4.42652	-1.9541	27.1608	25.0283	-0.180411	3.85208	1.13315
7.	1.5	17.1804	17.4958	0.0367529	1.9606	4.10986	2.14926	26.5121	28.3455	0.155114	4.64473	1.24428
8.	1.75	18.315	18.9433	0.0732211	4.84442	3.8733	-0.97112	31.4346	31.5451	0.00934926	0.948523	0.562294
9.	2	20.3223	20.4288	0.012408	4.84003	3.69497	-1.14506	35.3055	34.5397	-0.0647801	1.31552	0.662197
10.	2.25	22.3636	21.9356	-0.0498837	3.03458	3.55998	0.5254	37.5891	37.2656	-0.0273686	0.279282	0.305113
11.	2.5	22.6665	23.4443	0.0906406	3.7081	3.45778	-0.25032	38.9501	39.6855	0.0622141	0.0747466	0.157847
12.	2.75	23.6395	24.9334	0.150798	2.95122	3.38063	0.429406	42.9334	41.7877	-0.096929	0.216525	0.268654
13.	3	25.6022	26.3817	0.0908559	3.14021	3.32273	0.182519	43.3026	43.5808	0.0235393	0.0421222	0.118494
14.	3.25	27.7816	27.7697	-0.00139276	3.17636	3.27967	0.10331	46.1447	45.0879	-0.0894103	0.018669	0.078886
15.	3.5	28.9281	29.0805	0.0177636	2.61419	3.24803	0.633838	46.7073	46.3398	-0.0310921	0.403032	0.36653
16.	3.75	29.5979	30.3013	0.0819863	1.95414	3.22519	1.27105	48.2181	47.3706	-0.0717004	1.62744	0.736532
17.	4	32.6124	31.4235	-0.13856	2.82516	3.20911	0.38395	46.9512	48.214	0.106836	0.178031	0.243605
18.	4.25	32.7831	32.4426	-0.0396856	3.71494	3.19818	-0.516756	49.4294	48.9012	-0.0446893	0.270609	0.300338
19.	4.5	33.8649	33.3579	-0.059086	3.0132	3.19117	0.177969	50.549	49.4596	-0.0921639	0.0436582	0.120635
20.	4.75	33.8785	34.1718	0.0341828	3.19138	3.18712	-0.00425701	49.2135	49.913	0.059179	0.00468874	0.0395337
21.	5	35.1127	34.8891	-0.026065	1.91121	3.18527	1.27406	51.7021	50.2811	-0.120219	1.63836	0.739
22.	5.25	37.5236	35.5164	-0.233933	2.98295	3.18506	0.202112	52.0192	50.5802	-0.121742	0.110395	0.191829
23.	5.5	37.0733	36.0613	-0.117942	4.35048	3.18602	-1.16446	49.5284	50.8237	0.109586	1.3819	0.678699
24.	5.75	36.2294	36.5318	0.0352512	3.16443	3.18781	0.0233812	50.1252	51.0223	0.075893	0.00754908	0.0501633
25.	6	35.9108	36.9361	0.11949	4.08733	3.19017	-0.897155	49.2999	51.1846	0.159455	0.844591	0.530594
26.	6.25	37.0145	37.2819	0.0311644	3.01617	3.1929	0.176726	51.3453	51.3178	-0.00232609	0.0322088	0.103616
27.	6.5	37.3775	37.5766	0.0232067	4.30955	3.19584	-1.11371	50.5198	51.4272	0.0767688	1.24678	0.644664
28.	6.75	37.9582	37.8271	-0.0152807	2.65698	3.19887	0.54189	49.8699	51.5175	0.139386	0.313307	0.323165
29.	7	38.1852	38.0394	-0.0169915	2.23852	3.20192	0.9634	51.8445	51.5922	-0.0213477	0.928883	0.556442
30.	7.25	38.581	38.2189	-0.0421965	3.58137	3.20492	-0.376447	52.2965	51.6541	-0.0543401	0.146446	0.220942
31.	7.5	39.0445	38.3705	-0.0785495	2.22315	3.20782	0.984675	51.3588	51.7057	0.0293517	0.976616	0.57056
32.	7.75	40.5704	38.4983	-0.241488	4.10816	3.2106	-0.897558	51.2335	51.7487	0.0435924	0.865828	0.537224
33.	8	38.065	38.606	0.0630555	3.3425	3.21324	-0.129262	52.1829	51.7848	-0.0336851	0.0218193	0.0852824
34.	8.25	37.6261	38.6966	0.124763	4.24942	3.21572	-1.0337	52.7686	51.815	-0.0806717	1.09061	0.602941
35.	8.5	38.4004	38.7729	0.0434088	2.87575	3.21804	0.34229	52.1006	51.8405	-0.0220111	0.119531	0.199609
36.	8.75	38.3518	38.8369	0.0565418	3.67248	3.2202	-0.452281	49.8118	51.8619	0.173444	0.237838	0.281566
37.	9	39.1656	38.8908	-0.032025	2.52746	3.2222	0.694739	52.1681	51.8801	-0.0243624	0.484281	0.40178
38.	9.25	38.4566	38.9361	0.0558857	2.98503	3.22405	0.239014	52.2575	51.8955	-0.0306208	0.0611886	0.142815
39.	9.5	39.7723	38.9742	-0.093016	2.21845	3.22575	1.0073	50.2219	51.9087	0.142701	1.04367	0.589821
40.	9.75	38.0017	39.0062	0.117066	5.15402	3.2273	-1.92672	53.167	51.9198	-0.105512	3.73708	1.11611
41.	10	39.1381	39.0331	-0.0122348	3.28016	3.22873	-0.05143	50.1592	51.9294	0.149761	0.0252231	0.0916934
42.	10.25	37.8998	39.0558	0.134728	5.03056	3.23003	-1.80052	52.1604	51.9376	-0.0188519	3.26039	1.0425
43.	10.5	39.653	39.0748	-0.067379	2.67976	3.23122	0.551458	51.3841	51.9446	0.0474209	0.310895	0.321919
44.	10.75	37.4953	39.0909	0.185966	3.33936	3.2323	-0.107059	51.4425	51.9506	0.0429886	0.0478927	0.12635
45.	11	38.7959	39.1045	0.0359559	4.0224	3.23328	-0.789124	51.017	51.9558	0.0794266	0.630318	0.458373
46.	11.25	39.5653	39.1159	-0.052383	2.98992	3.23417	0.244256	53.596	51.9603	-0.138378	0.0815532	0.164877
47.	11.5	38.1485	39.1255	0.113873	3.61916	3.23498	-0.38418	51.3114	51.9642	0.0552292	0.163611	0.233532
48.	11.75	39.3237	39.1337	-0.022143	2.06647	3.23571	1.16924	52.8068	51.9676	-0.0709984	1.37264	0.676423
49.	12	39.872	39.1406	-0.0852479	4.75464	3.23637	-1.51827	51.3589	51.9705	0.0517418	2.31509	0.878464
50.	12.25	38.6538	39.1464	0.0574112	3.30995	3.23697	-0.0729809	51.6013	51.9731	0.0314478	0.00961123	0.0566016
51.	12.5	39.1087	39.1514	0.00497518	2.70983	3.23751	0.527675	51.46	51.9753	0.0435895	0.280366	0.305705
52.	12.75	39.0429	39.1556	0.0131317	2.71347	3.23799	0.524526	51.6354	51.9772	0.0289141	0.276136	0.30339
53.	13	39.616	39.1591	-0.0532413	3.98533	3.23843	-0.746901	52.6628	51.9789	-0.0578603	0.564043	0.433606
54.	13.25	41.1825	39.1622	-0.235463	2.05641	3.23883	1.18241	52.7787	51.9804	-0.0675406	1.45811	0.697163
55.	13.5	38.1139	39.1648	0.122478	1.88448	3.23919	1.35471	51.1819	51.9817	0.0676646	1.85482	0.786303
56.	13.75	39.9016	39.167	-0.0856208	3.02722	3.23951	0.212286	52.2124	51.9828	-0.0194269	0.0527736	0.132632
57.	14	39.7081	39.1689	-0.0628475	3.15031	3.2398	0.0894818	53.6774	51.9838	-0.143276	0.0324849	0.104059
58.	14.25	37.8562	39.1705	0.153174	3.49709	3.24006	-0.257032	51.2162	51.9847	0.0650135	0.0937545	0.176781
59.	14.5	38.9218	39.1718	0.0291408	4.44458	3.24029	-1.20429	50.4423	51.9855	0.130553	1.4682	0.699571
60.	14.75	39.4872	39.173	-0.03662	3.06647	3.2405	0.174031	50.6655	51.9861	0.111724	0.0441103	0.121258
61.	15	39.5806	39.174	-0.0473822	3.93091	3.24069	-0.690216	51.3109	51.9867	0.0571752	0.481913	0.400796
Objective Value				0.62614			46.2938			0.46982
Root Mean Square				0.101314			0.871157			0.0877608
Weight				0.0135831			1			0.00715737

Fisher Information Matrix:
  Matrix(12x12)
	8.78395e+06	1.00182e+06	2.63348e+06	182744	21488.1	56098.8	6.31987e+06	713661	1.88733e+06	621318	74720.2	194648
	1.00182e+06	1.06273e+07	3.80921e+06	20636.3	219781	80483.1	724960	7.65038e+06	2.73644e+06	69794.8	739750	277249
	2.63348e+06	3.80921e+06	6.45238e+06	54233.7	78598.5	134500	1.90185e+06	2.74276e+06	4.64955e+06	183011	264078	457422
	182744	20636.3	54233.7	3895.58	450.39	1179.31	130616	14646.6	38672.5	13517.6	1590.86	4164.4
	21488.1	219781	78598.5	450.39	4664.23	1693.21	15449.8	157436	56212.5	1543.84	16090.9	5934.6
	56098.8	80483.1	134500	1179.31	1693.21	2883.22	40215.8	57596.3	96273.7	4043.49	5777.64	10043.8
	6.31987e+06	724960	1.90185e+06	130616	15449.8	40215.8	4.5613e+06	517453	1.36661e+06	442123	53445	138753
	713661	7.65038e+06	2.74276e+06	14646.6	157436	57596.3	517453	5.52255e+06	1.97495e+06	49415.9	528551	197503
	1.88733e+06	2.73644e+06	4.64955e+06	38672.5	56212.5	96273.7	1.36661e+06	1.97495e+06	3.36133e+06	130065	188339	325991
	621318	69794.8	183011	13517.6	1543.84	4043.49	442123	49415.9	130065	47741.6	5520.51	14476.5
	74720.2	739750	264078	1590.86	16090.9	5777.64	53445	528551	188339	5520.51	56976.5	20542.6
	194648	277249	457422	4164.4	5934.6	10043.8	138753	197503	325991	14476.5	20542.6	35738.7

FIM Eigenvalues:
  Matrix(12x1)
	0.201683
	0.228849
	1.08298
	1341.21
	1864.68
	3775.87
	5665.72
	11141.3
	16502.2
	5.40777e+06
	1.28375e+07
	2.11752e+07

FIM Eigenvectors corresponding to Eigenvalues:
  Matrix(12x12)
	-0.0133001	-0.000401452	0.0151172	0.662915	0.0198516	-0.735146	0.00843535	0.000293316	-0.00979389	-0.0928092	-0.00321603	0.102534
	0.0147071	-0.000365959	0.0130885	-0.735453	0.0179438	-0.662608	-0.00924762	0.000277103	-0.00816938	0.102411	-0.00298478	0.0932738
	0.000228309	0.0233917	-0.000923083	-0.000109545	-0.990622	-0.0264841	-0.000262324	-0.0166759	0.00138383	-0.000546055	0.130742	0.00668315
	-0.191261	-0.035655	0.265234	0.066714	0.0137582	-0.0844432	0.212097	0.0358515	-0.300219	0.529544	0.140213	-0.665996
	-0.276353	0.0476796	-0.174883	0.0842541	-0.0195902	0.0658685	0.315585	-0.0491265	0.190595	0.668214	-0.175395	0.51317
	0.0556607	0.35432	0.00717931	0.00070952	-0.0893547	-0.0351582	-0.0758503	-0.41282	0.0155373	-0.00893215	-0.787535	-0.255697
	-0.145952	-0.163649	0.418093	-0.0340432	-0.0554849	0.0631731	0.222427	0.261377	-0.613315	-0.201124	-0.352678	0.331826
	-0.375912	0.306683	0.0102156	-0.0685428	0.0534458	0.00115702	0.561105	-0.455378	-0.0154555	-0.386076	0.292309	0.00540732
	-0.254195	-0.305783	-0.262805	-0.0442865	-0.0563844	-0.053222	0.380909	0.457602	0.393498	-0.247201	-0.315041	-0.308467
	-0.282129	-0.328706	0.683617	-0.0059416	-0.00688059	0.014025	-0.202241	-0.236197	0.494852	-0.0203976	-0.0234264	0.0470132
	0.680575	-0.433072	0.0722027	0.0141345	-0.00888299	0.00154182	0.490023	-0.312669	0.0516946	0.0479965	-0.0296951	0.0053609
	0.336973	0.600356	0.426728	0.00697181	0.0124103	0.00895238	0.24307	0.432395	0.307166	0.0236173	0.0417833	0.0306482

Fisher Information Matrix (scaled):
  Matrix(12x12)
	210.903	27.9808	-258.081	447.723	20.0054	247.396	-619.348	0	13.8719	27.0957	-54.9194	23.8444
	27.9808	345.282	-434.25	58.8135	238.023	412.878	-82.6454	0	23.3966	3.54069	-632.486	39.508
	-258.081	-434.25	2580.95	-542.337	-298.674	-2421	760.741	0	-139.486	-32.5759	792.234	-228.711
	447.723	58.8135	-542.337	973.895	42.7871	530.688	-1306.16	0	29.0044	60.1535	-119.314	52.055
	20.0054	238.023	-298.674	42.7871	168.379	289.538	-58.7093	0	16.0206	2.61063	-458.589	28.1894
	247.396	412.878	-2421	530.688	289.538	2335.41	-723.885	0	129.97	32.3884	-779.981	225.986
	-619.348	-82.6454	760.741	-1306.16	-58.7093	-723.885	1824.52	0	-40.9984	-78.698	160.335	-69.3766
	0	0	0	0	0	0	0	0	0	0	0	0
	13.8719	23.3966	-139.486	29.0044	16.0206	129.97	-40.9984	0	7.56299	1.73637	-42.3763	12.2246
	27.0957	3.54069	-32.5759	60.1535	2.61063	32.3884	-78.698	0	1.73637	3.78161	-7.36989	3.22102
	-54.9194	-632.486	792.234	-119.314	-458.589	-779.981	160.335	0	-42.3763	-7.36989	1281.97	-77.0348
	23.8444	39.508	-228.711	52.055	28.1894	225.986	-69.3766	0	12.2246	3.22102	-77.0348	22.3367

FIM Eigenvalues (scaled):
  Matrix(12x1)
	-4.99425e-14
	0.000816495
	0.00188175
	0.0416443
	0.134348
	0.176845
	18.9358
	24.8513
	44.7187
	1236.57
	2422.92
	6006.64

FIM Eigenvectors (scaled) corresponding to Eigenvalues:
  Matrix(12x12)
	6.72875e-13	4.22983e-15	6.46661e-13	-3.20774e-13	-3.05386e-14	7.08573e-13	1.08057e-13	-1	5.51447e-12	2.53947e-12	-9.32847e-15	-3.56796e-12
	0.246275	2.70095e-06	0.0093261	-0.121317	-8.28956e-05	0.00871139	0.0379599	3.29921e-12	0.0907374	0.955509	-3.40593e-05	-0.0423819
	0.0190591	0.00158542	-0.0948052	-0.0123948	-0.00212633	-0.0976059	0.001863	-6.32624e-12	-0.857184	0.0982278	0.000109315	0.486358
	0.110395	-0.0331006	-0.0336073	-0.00766057	0.100705	-0.143732	0.0303942	-4.15316e-13	0.495011	-0.0387009	0.0198902	0.840759
	-0.12187	-0.329666	-0.00714889	0.0125426	0.915628	0.00268142	-0.030856	-5.65087e-15	-0.0466991	0.0352459	0.164615	-0.0800246
	-0.915321	0.0400767	0.000480187	0.0753967	-0.109532	-0.0141123	-0.245781	-2.86584e-14	0.0722957	0.253453	-0.0191964	0.111617
	-0.0406788	-0.398427	-0.417431	0.513327	-0.111449	-0.426786	0.361489	-1.92373e-15	0.03354	0.0613535	-0.245867	-0.10614
	-0.0382106	0.630405	0.0658001	0.533851	0.158918	0.0591285	0.374311	5.18704e-16	-0.00650214	0.0627869	0.372553	0.0127769
	0.0228578	0.391738	-0.533195	-0.331684	0.0908786	-0.562494	-0.240632	-2.84614e-15	0.043091	-0.0385079	0.21334	-0.142452
	-0.0464909	-0.378022	-0.293371	-0.101418	-0.27517	0.258952	0.135872	-6.36154e-17	0.0160347	-0.00629209	0.772353	0.0228857
	-0.237695	0.137789	-0.229854	-0.506791	0.0969546	0.218096	0.697903	1.21816e-17	0.0123912	-0.0308079	-0.263202	0.0207844
	0.108794	0.130831	-0.622872	0.231491	0.0918047	0.594028	-0.31946	-7.18002e-20	0.0335345	0.0140462	-0.248138	0.0569547

Correlation Matrix:
  Matrix(12x12)
	1	0.00937687	-0.0897312	-0.9765	-0.00874572	0.0628411	-0.9816	-0.00904687	0.10954	0.961998	0.00834299	-0.0573215
	0.00937687	1	-0.0840904	-0.00288157	-0.950555	0.038407	-0.0149519	-0.974371	0.119987	0.00157206	0.923959	-0.0288512
	-0.0897312	-0.0840904	1	0.0803228	0.079045	-0.972952	0.0968489	0.0895871	-0.978564	-0.0803291	-0.0886232	0.958325
	-0.9765	-0.00288157	0.0803228	1	0.00378074	-0.0627794	0.918945	0.0018794	-0.0913351	-0.997239	-0.00366681	0.0580396
	-0.00874572	-0.950555	0.079045	0.00378074	1	-0.0489404	0.0123302	0.860103	-0.0986405	-0.00213053	-0.992462	0.0392891
	0.0628411	0.038407	-0.972952	-0.0627794	-0.0489404	1	-0.0630268	-0.0365398	0.906538	0.0652976	0.063043	-0.996999
	-0.9816	-0.0149519	0.0968489	0.918945	0.0123302	-0.0630268	1	0.0157956	-0.124132	-0.897462	-0.0117238	0.0577805
	-0.00904687	-0.974371	0.0895871	0.0018794	0.860103	-0.0365398	0.0157956	1	-0.135098	-0.000967975	-0.829214	0.0288786
	0.10954	0.119987	-0.978564	-0.0913351	-0.0986405	0.906538	-0.124132	-0.135098	1	0.0896659	0.105202	-0.885876
	0.961998	0.00157206	-0.0803291	-0.997239	-0.00213053	0.0652976	-0.897462	-0.000967975	0.0896659	1	0.00210735	-0.0615701
	0.00834299	0.923959	-0.0886232	-0.00366681	-0.992462	0.063043	-0.0117238	-0.829214	0.105202	0.00210735	1	-0.0555717
	-0.0573215	-0.0288512	0.958325	0.0580396	0.0392891	-0.996999	0.0577805	0.0288786	-0.885876	-0.0615701	-0.0555717	1

